"TOA5","blynken","CR300","36594","CR300-CELL210.11.3.0","CPU:blynken.df84130b24f674375003011e71973b5b.dld","28117","Ai1"
"TIMESTAMP","RECORD","BatteryVoltage","InternalTemperature","InternalHumidity","CurrentAverage","CurrentMaximum","ProcessingTime","SerialNumber","DataloggerOSVersion","Ai1OSVersion","ProgramSignature","ProgramCounter","StartUpCode","WatchdogErrors","SkippedScans","MemoryFree","CellUsageToday","CellUsageThisMonth","CellRSSI","CellNetBand","Latitude","Longitude","GPSSatellitesInView","Pressure_mH2O","ReadAttempts_Max"
"TS","RN","Volts","°C","%","mA (-=Charge, +=Discharge)","mA (-=Charge, +=Discharge)","µS","","","","(0-65535)","Cycles","(0=Ok, -1=Power, -2=Watchdog)","Errors Since Compile","Scans Skipped","Bytes","kB","kB","dBm","","Decimal Degrees (N=+,S=-)","Decimal Degrees (E=+,W=-)","GPS Satellites visible","mH2O",""
"","","Smp","Smp","Smp","Avg:mA","Max:mA","Smp","Smp","Smp","Smp","Smp:0-65535)","Smp","Smp:0=Ok","Smp:Watchdog Errors Since Compile","Smp:Scans Skipped","Smp:Bytes","Smp:kB","Smp:kB","Smp:dBm","Smp:band","Smp","Smp","Smp","Smp","Max"
"2026-07-20 12:00:00",0,13.54,24.14,42,0.077,55,159,36594,1.3,0.75,28117,712,-1,0,0,27136,64.85,3440,-69,4,44.31815,-68.92735,0,-13.01,0
"2026-07-20 13:00:00",1,13.48,32.24,40,55.01,61,159,36594,1.3,0.75,28117,1432,-1,0,1,27136,159,3534,-65,4,44.31815,-68.92735,0,-13.01,1
"2026-07-20 14:00:00",2,13.57,26.11,40,60.82,61,159,36594,1.3,0.75,28117,2152,-1,0,2,27136,251.2,3627,-61,4,44.31815,-68.92735,0,-13.01,1
"2026-07-20 15:00:00",3,13.55,28.55,39,-69.82,61,159,36594,1.3,0.75,28117,2872,-1,0,3,27136,452.7,3828,-53,4,44.31815,-68.92735,0,0.009,1
"2026-07-20 16:00:00",4,13.54,29.42,39,61.01,68,160,36594,1.3,0.75,28117,3592,-1,0,4,27136,543.9,3919,-55,4,44.31815,-68.92735,0,0.016,1
"2026-07-20 17:00:00",5,13.54,27.75,40,68.08,126,160,36594,1.3,0.75,28117,4312,-1,0,5,27136,637.3,4013,-51,4,"NAN","NAN",4,0.016,1
"2026-07-20 18:00:00",6,13.54,26.19,40,125.9,126,160,36594,1.3,0.75,28117,5032,-1,0,6,27136,730.7,4106,-53,4,"NAN","NAN",4,0.016,1
"2026-07-20 19:00:00",7,13.57,25.87,40,88,88,159,36594,1.3,0.75,28117,5752,-1,0,7,27136,825,4200,-51,4,44.31809,-68.92715,4,0.016,1
"2026-07-20 20:00:00",8,13.48,22.73,41,81.1,185,160,36594,1.3,0.75,28117,6472,-1,0,8,27136,924,4299,-55,4,"NAN","NAN",4,0.016,1
"2026-07-20 21:00:00",9,13.3,20.9,42,185,185,159,36594,1.3,0.75,28117,7192,-1,0,9,27136,1021,4396,-53,4,"NAN","NAN",4,0.016,1
"2026-07-20 22:00:00",10,13.25,20.86,42,156,174,160,36594,1.3,0.75,28117,7912,-1,0,10,27136,1115,4490,-53,4,"NAN","NAN",4,0.017,1
"2026-07-20 23:00:00",11,13.25,20.44,42,174,204,166,36594,1.3,0.75,28117,8632,-1,0,11,27136,1208,4583,-53,4,44.31816,-68.92713,4,0.017,1
"2026-07-21 00:00:00",12,13.25,20.1,42,203.9,204,160,36594,1.3,0.75,28117,9352,-1,0,12,27136,0,4690,-57,4,44.31815,-68.92719,4,0.017,1
"2026-07-21 01:00:00",13,13.24,19.56,42,151,152,159,36594,1.3,0.75,28117,10072,-1,0,13,27136,108.6,4799,-57,4,44.31816,-68.92718,4,0.017,1
"2026-07-21 02:00:00",14,13.23,19.42,42,152,152,160,36594,1.3,0.75,28117,10792,-1,0,14,27136,213.6,4904,-55,4,44.31819,-68.92715,6,0.018,1
"2026-07-21 03:00:00",15,13.25,19.4,42,150,150,160,36594,1.3,0.75,28117,11512,-1,0,15,27136,322.2,5013,-53,4,44.31819,-68.92715,6,0.018,1
"2026-07-21 04:00:00",16,13.25,18.84,42,150,170,160,36594,1.3,0.75,28117,12232,-1,0,16,27136,427.5,5118,-53,4,44.31819,-68.92715,6,0.018,1
"2026-07-21 05:00:00",17,13.25,18.5,42,170,183,160,36594,1.3,0.75,28117,12952,-1,0,17,27136,527.8,5218,-53,4,44.31819,-68.92715,6,0.018,1
"2026-07-21 06:00:00",18,13.33,18.63,42,182.9,183,160,36594,1.3,0.75,28117,13672,-1,0,18,27136,628.1,5319,-51,4,44.31819,-68.92715,6,0.018,1
"2026-07-21 07:00:00",19,13.4,20.44,41,88.9,89,160,36594,1.3,0.75,28117,14392,-1,0,19,27136,731.2,5422,-61,4,44.318,-68.92718,4,0.018,1
"2026-07-21 08:00:00",20,13.44,20.62,41,45.01,54,160,36594,1.3,0.75,28117,15112,-1,0,20,27136,827,5517,-53,4,44.31803,-68.92714,4,0.019,1
"2026-07-21 09:00:00",21,13.54,23.15,39,53.85,54,159,36594,1.3,0.75,28117,15832,-1,0,21,27136,919,5609,-59,4,44.31804,-68.92725,4,0.023,1
"2026-07-21 10:00:00",22,13.66,23.98,39,-56.84,55,167,36594,1.3,0.75,28117,16552,-1,0,22,27136,1012,5703,-63,4,44.31814,-68.92724,5,0.025,1
"2026-07-21 11:00:00",23,13.62,24.26,40,55.01,59,160,36594,1.3,0.75,28117,17272,-1,0,23,27136,1107,5797,-55,4,44.31819,-68.92717,4,0.028,1
"2026-07-21 12:00:00",24,13.63,25.13,39,59.02,70,160,36594,1.3,0.75,28117,17992,-1,0,24,27136,1198,5888,-53,4,44.31819,-68.92717,4,0.042,1
"2026-07-21 13:00:00",25,13.63,23.66,39,70.01,80,160,36594,1.3,0.75,28117,18712,-1,0,25,27136,1289,5979,-55,4,44.31818,-68.92715,4,0.042,1
"2026-07-21 14:00:00",26,13.63,22.72,40,80,90,159,36594,1.3,0.75,28117,19432,-1,0,26,27136,1391,6082,-51,4,44.31817,-68.92715,4,0.042,1
"2026-07-21 15:00:00",27,13.61,22.24,40,90,90,160,36594,1.3,0.75,28117,20152,-1,0,27,27136,1497,6187,-51,4,44.31817,-68.92715,4,0.042,1
"2026-07-21 16:00:00",28,13.65,21.46,40,82.1,119,160,36594,1.3,0.75,28117,20872,-1,0,28,27136,1601,6291,-51,4,44.31814,-68.92711,4,0.038,1
"2026-07-21 17:00:00",29,13.7,21.97,40,118.9,119,160,36594,1.3,0.75,28117,21592,-1,0,29,27136,1707,6398,-51,4,44.3182,-68.92713,5,0.038,1
"2026-07-21 18:00:00",30,13.68,21.61,40,70.12,156,160,36594,1.3,0.75,28117,22312,-1,0,30,27136,1810,6501,-57,4,44.31808,-68.92715,5,0.018,1
"2026-07-21 19:00:00",31,13.53,19.78,41,156,156,160,36594,1.3,0.75,28117,23032,-1,0,31,27136,1921,6612,-55,4,44.31808,-68.92715,5,0.018,1
"2026-07-21 20:00:00",32,13.33,19.18,41,126,147,159,36594,1.3,0.75,28117,23752,-1,0,32,27136,2018,6708,-63,4,44.31805,-68.92721,4,0.008,1
"2026-07-21 21:00:00",33,13.27,19.14,42,147,152,160,36594,1.3,0.75,28117,24472,-1,0,33,27136,2117,6807,-53,4,44.31805,-68.92721,5,0.008,1
"2026-07-21 22:00:00",34,13.26,19.46,42,152,187,160,36594,1.3,0.75,28117,25192,-1,0,34,27136,2219,6910,-55,4,44.31809,-68.92726,4,-0.014,1
"2026-07-21 23:00:00",35,13.26,19.2,42,187,188,160,36594,1.3,0.75,28117,25912,-1,0,35,27136,2317,7007,-57,4,44.31815,-68.92724,4,-0.014,1
"2026-07-22 00:00:00",36,13.26,19.41,42,188,188,159,36594,1.3,0.75,28117,26632,-1,0,36,27136,0,7132,-57,4,44.31815,-68.92724,4,-0.029,1
"2026-07-22 01:00:00",37,13.26,19.75,42,166,166,159,36594,1.3,0.75,28117,27352,-1,0,37,27136,106,7238,-57,4,44.31817,-68.92735,4,-0.029,1
"2026-07-22 02:00:00",38,13.25,18.71,42,160,160,159,36594,1.3,0.75,28117,28072,-1,0,38,27136,213.7,7345,-55,4,44.31819,-68.92721,4,-0.066,1
"2026-07-22 03:00:00",39,13.25,18.47,42,149,149,166,36594,1.3,0.75,28117,28792,-1,0,39,27136,317.5,7449,-53,4,44.31819,-68.9271,4,-0.066,1
"2026-07-22 04:00:00",40,13.25,18.35,42,143,155,160,36594,1.3,0.75,28117,29512,-1,0,40,27136,423.1,7555,-53,4,44.31811,-68.92794,4,-0.092,1
"2026-07-22 05:00:00",41,13.23,18.95,42,155,155,166,36594,1.3,0.75,28117,30232,-1,0,41,27136,522.8,7654,-55,4,44.31807,-68.92716,4,-0.092,1
"2026-07-22 06:00:00",42,13.25,18.97,42,151,161,160,36594,1.3,0.75,28117,30952,-1,0,42,27136,626.6,7758,-55,4,44.31807,-68.92716,4,-0.096,1
"2026-07-22 07:00:00",43,13.25,19.28,42,161,161,160,36594,1.3,0.75,28117,31672,-1,0,43,27136,725.2,7857,-51,4,44.31808,-68.92714,4,-0.096,1
"2026-07-22 08:00:00",44,13.29,19.46,42,157.9,158,159,36594,1.3,0.75,28117,32392,-1,0,44,27136,818,7950,-55,4,44.31805,-68.92718,5,-0.096,1
"2026-07-22 09:00:00",45,13.37,20.18,42,108.1,159,160,36594,1.3,0.75,28117,33112,-1,0,45,27136,921,8052,-55,4,44.31807,-68.92716,4,-0.096,1
"2026-07-22 10:00:00",46,13.47,21.12,41,158.8,159,160,36594,1.3,0.75,28117,33832,-1,0,46,27136,1011,8143,-53,4,44.31812,-68.92718,4,-0.094,1
"2026-07-22 11:00:00",47,13.52,23.81,40,6.988,7,166,36594,1.3,0.75,28117,34552,-1,0,47,27136,1104,8236,-61,4,44.3182,-68.92725,4,-0.09,1
"2026-07-22 12:00:00",48,13.61,24,39,-2.197,-2,160,36594,1.3,0.75,28117,35272,-1,0,48,27136,1211,8343,-55,4,44.31817,-68.92722,5,-0.082,1
"2026-07-22 13:00:00",49,13.78,22.92,40,-143.9,-47,159,36594,1.3,0.75,28117,35992,-1,0,49,27136,1310,8442,-55,4,44.31816,-68.92713,4,-0.071,1
"2026-07-22 14:00:00",50,13.64,24.66,40,-46.84,71,159,36594,1.3,0.75,28117,36712,-1,0,50,27136,1407,8539,-59,4,44.31819,-68.92715,5,-0.067,1
"2026-07-22 15:00:00",51,13.61,23.3,40,71.01,81,160,36594,1.3,0.75,28117,37432,-1,0,51,27136,1511,8643,-55,4,44.31815,-68.92715,4,-0.067,1
"2026-07-22 16:00:00",52,13.66,23.65,40,81,105,160,36594,1.3,0.75,28117,38152,-1,0,52,27136,1615,8746,-53,4,44.31815,-68.92715,4,-0.065,1
"2026-07-22 17:00:00",53,13.64,24.54,40,105,105,159,36594,1.3,0.75,28117,38872,-1,0,53,27136,1721,8852,-55,4,44.31815,-68.92715,4,-0.065,1
"2026-07-22 18:00:00",54,13.62,24.39,40,74.04,101,159,36594,1.3,0.75,28117,39592,-1,0,54,27136,1822,8953,-57,4,44.3182,-68.92722,5,-0.065,1
"2026-07-22 19:00:00",55,13.62,23.05,41,101,101,159,36594,1.3,0.75,28117,40312,-1,0,55,27136,1925,9056,-55,4,44.31819,-68.92715,4,-0.063,5
"2026-07-22 20:00:00",56,13.5,21.04,41,73.11,155,167,36594,1.3,0.75,28117,41032,-1,0,56,27136,2026,9157,-55,4,44.31815,-68.92718,4,-0.063,5
"2026-07-22 21:00:00",57,13.32,19.93,42,155,155,159,36594,1.3,0.75,28117,41752,-1,0,57,27136,2132,9263,-53,4,44.31815,-68.92718,4,-0.063,1
"2026-07-22 22:00:00",58,13.26,19.82,42,152,158,159,36594,1.3,0.75,28117,42472,-1,0,58,27136,2234,9366,-53,4,44.31801,-68.92717,5,-0.063,1
"2026-07-22 23:00:00",59,13.24,19.16,42,157.9,158,159,36594,1.3,0.75,28117,43192,-1,0,59,27136,2340,9472,-51,4,44.31806,-68.92718,5,-0.049,1
"2026-07-23 00:00:00",60,13.26,19.16,42,113,130,160,36594,1.3,0.75,28117,43912,-1,0,60,27136,0.061,9589,-55,4,44.31805,-68.92724,4,-0.048,1
"2026-07-23 01:00:00",61,13.22,19.05,42,130,142,160,36594,1.3,0.75,28117,44632,-1,0,61,27136,112.6,9701,-63,4,44.31805,-68.92724,4,-0.028,1
"2026-07-23 02:00:00",62,13.26,18.4,42,142,142,160,36594,1.3,0.75,28117,45352,-1,0,62,27136,227.6,9816,-53,4,44.31814,-68.92724,4,-0.028,1
"2026-07-23 03:00:00",63,13.23,18.53,42,139,150,160,36594,1.3,0.75,28117,46072,-1,0,63,27136,334.8,9923,-59,4,44.3181,-68.92729,5,-0.009,1
"2026-07-23 04:00:00",64,13.25,18.01,42,150.1,196,160,36594,1.3,0.75,28117,46792,-1,0,64,27136,459.1,10048,-53,4,44.31822,-68.92717,4,-0.009,1
"2026-07-23 05:00:00",65,13.25,17.68,42,196,204,160,36594,1.3,0.75,28117,47512,-1,0,65,27136,568.6,10157,-53,4,44.31815,-68.92715,5,-0.008,1
"2026-07-23 06:00:00",66,13.33,18.8,42,203.9,204,159,36594,1.3,0.75,28117,48232,-1,0,66,27136,682.1,10271,-57,4,44.31812,-68.92713,4,-0.005,1
"2026-07-23 07:00:00",67,13.46,22.14,41,122.8,123,160,36594,1.3,0.75,28117,48952,-1,0,67,27136,786.8,10375,-51,4,44.31811,-68.9272,8,-0.005,1
"2026-07-23 08:00:00",68,13.47,26.04,41,-30.01,-30,166,36594,1.3,0.75,28117,49672,-1,0,68,27136,895,10484,-59,4,44.31805,-68.92721,4,0.009,1
"2026-07-23 09:00:00",69,13.54,22.91,41,-33.81,101,167,36594,1.3,0.75,28117,50392,-1,0,69,27136,1000,10589,-51,4,44.31804,-68.9272,5,0.031,1
"2026-07-23 10:00:00",70,13.64,23.73,40,100.9,101,160,36594,1.3,0.75,28117,51112,-1,0,70,27136,1110,10698,-53,4,44.31804,-68.9272,5,0.044,1
"2026-07-23 11:00:00",71,13.65,24.45,40,34.02,47,160,36594,1.3,0.75,28117,51832,-1,0,71,27136,1210,10798,-51,4,44.31799,-68.92716,4,0.044,1
"2026-07-23 12:00:00",72,13.63,25.2,40,47,50,160,36594,1.3,0.75,28117,52552,-1,0,72,27136,1309,10898,-53,4,44.31799,-68.92716,4,0.048,1
"2026-07-23 13:00:00",73,13.63,25.52,40,50.01,55,167,36594,1.3,0.75,28117,53272,-1,0,73,27136,1410,10999,-55,4,44.31799,-68.9271,5,0.048,1
"2026-07-23 14:00:00",74,13.56,28.55,39,55.04,82,160,36594,1.3,0.75,28117,53992,-1,0,74,27136,1518,11107,-51,4,44.31799,-68.92708,5,0.048,1
"2026-07-23 15:00:00",75,13.54,28.3,39,82,82,160,36594,1.3,0.75,28117,54712,-1,0,75,27136,1624,11212,-57,4,44.31799,-68.92708,5,0.048,1
"2026-07-23 16:00:00",76,13.55,28.4,39,49,49,166,36594,1.3,0.75,28117,55432,-1,0,76,27136,1734,11323,-51,4,44.31807,-68.92712,4,0.052,1
"2026-07-23 17:00:00",77,13.54,28.26,40,46.01,50,160,36594,1.3,0.75,28117,56152,-1,0,77,27136,1833,11422,-57,4,44.31807,-68.92712,4,0.056,1
"2026-07-23 18:00:00",78,13.53,28.17,40,49.98,50,159,36594,1.3,0.75,28117,56872,-1,0,78,27136,1933,11522,-53,4,44.31808,-68.92719,4,0.058,1
"2026-07-23 19:00:00",79,13.54,28.47,40,35.02,46,160,36594,1.3,0.75,28117,57592,-1,0,79,27136,2034,11623,-55,4,44.31804,-68.92718,4,0.058,1
"2026-07-23 20:00:00",80,13.5,24.73,41,46.12,135,167,36594,1.3,0.75,28117,58312,-1,0,80,27136,2135,11724,-55,4,44.31804,-68.92718,4,0.058,1
"2026-07-23 21:00:00",81,13.31,20.77,42,135,157,159,36594,1.3,0.75,28117,59032,-1,0,81,27136,2239,11828,-57,4,44.31805,-68.92715,4,0.06,1
"2026-07-23 22:00:00",82,13.27,20.12,42,157,157,167,36594,1.3,0.75,28117,59752,-1,0,82,27136,2366,11955,-53,4,44.31808,-68.92714,4,0.06,1
"2026-07-23 23:00:00",83,13.24,19.49,42,151,156,160,36594,1.3,0.75,28117,60472,-1,0,83,27136,2474,12062,-53,4,44.31806,-68.9271,4,0.068,1
"2026-07-24 00:00:00",84,13.24,19.08,42,156,156,159,36594,1.3,0.75,28117,61192,-1,0,84,27136,0,12168,-57,4,44.31806,-68.9271,4,0.071,1
"2026-07-24 01:00:00",85,13.26,18.5,42,121,125,160,36594,1.3,0.75,28117,61912,-1,0,85,27136,108.9,12277,-55,4,44.31801,-68.92714,5,0.077,1
"2026-07-24 02:00:00",86,13.26,17.73,42,125.1,162,159,36594,1.3,0.75,28117,62632,-1,0,86,27136,212.4,12380,-55,4,44.31808,-68.92709,4,0.084,1
"2026-07-24 03:00:00",87,13.22,17.54,42,162,162,160,36594,1.3,0.75,28117,63352,-1,0,87,27136,323.3,12491,-57,4,44.31801,-68.92724,4,0.086,1
"2026-07-24 04:00:00",88,13.25,17.07,42,141,148,160,36594,1.3,0.75,28117,64072,-1,0,88,27136,456.9,12625,-53,4,44.31808,-68.92722,4,0.091,1
"2026-07-24 05:00:00",89,13.25,16.78,42,148,148,166,36594,1.3,0.75,28117,64792,-1,0,89,27136,558.6,12726,-57,4,44.31811,-68.92728,4,0.092,1
"2026-07-24 06:00:00",90,13.39,18.72,41,131.8,132,160,36594,1.3,0.75,28117,65512,-1,0,90,27136,661.1,12829,-53,4,"NAN","NAN",4,0.092,1
"2026-07-24 07:00:00",91,13.47,21.53,41,18.99,19,160,36594,1.3,0.75,28117,66232,-1,0,91,27136,751.2,12919,-51,4,44.31804,-68.9272,4,0.092,1
"2026-07-24 08:00:00",92,13.47,22.24,41,12.94,13,159,36594,1.3,0.75,28117,66952,-1,0,92,27136,851,13019,-55,4,44.31801,-68.92722,4,0.105,1
"2026-07-24 09:00:00",93,13.56,25.44,41,-33.06,-33,160,36594,1.3,0.75,28117,67672,-1,0,93,27136,955,13122,-55,4,44.31807,-68.92714,5,0.112,1
"2026-07-24 10:00:00",94,13.6,26.69,41,-78.82,51,159,36594,1.3,0.75,28117,68392,-1,0,94,27136,1052,13220,-59,4,44.31802,-68.9272,5,0.12,1
"2026-07-24 11:00:00",95,13.55,28.81,39,51.04,82,160,36594,1.3,0.75,28117,69112,-1,0,95,27136,1153,13320,-53,4,44.31803,-68.92717,5,0.12,1
"2026-07-24 12:00:00",96,13.53,28.51,39,82,82,167,36594,1.3,0.75,28117,69832,-1,0,96,27136,1257,13424,-53,4,44.31803,-68.92717,5,0.12,1
"2026-07-24 13:00:00",97,13.53,28.91,39,69.04,98,160,36594,1.3,0.75,28117,70552,-1,0,97,27136,1347,13514,-59,4,44.31801,-68.92715,4,0.12,1
"2026-07-24 14:00:00",98,13.53,28.46,39,98,98,159,36594,1.3,0.75,28117,71272,-1,0,98,27136,1435,13603,-61,4,44.31804,-68.92728,4,0.119,1
"2026-07-24 15:00:00",99,13.54,27.96,40,70.04,99,159,36594,1.3,0.75,28117,71992,-1,0,99,27136,1525,13693,-59,4,"NAN","NAN",4,0.119,1
"2026-07-24 16:00:00",100,13.54,26.57,40,98.9,99,160,36594,1.3,0.75,28117,72712,-1,0,100,27136,1615,13783,-61,4,"NAN","NAN",4,0.117,1
"2026-07-24 17:00:00",101,13.57,25.96,40,57.05,94,160,36594,1.3,0.75,28117,73432,-1,0,101,27136,1721,13889,-53,4,"NAN","NAN",4,0.119,1
"2026-07-24 18:00:00",102,13.57,25.65,40,94,94,167,36594,1.3,0.75,28117,74152,-1,0,102,27136,1813,13981,-53,4,"NAN","NAN",4,0.119,1
"2026-07-24 19:00:00",103,13.57,24.95,41,75.02,90,159,36594,1.3,0.75,28117,74872,-1,0,103,27136,1904,14072,-53,4,"NAN","NAN",4,0.113,1
"2026-07-24 20:00:00",104,13.55,21.93,42,90.1,192,159,36594,1.3,0.75,28117,75592,-1,0,104,27136,1998,14166,-53,4,44.31816,-68.92715,4,0.102,1
"2026-07-24 21:00:00",105,13.34,20.51,42,192,192,160,36594,1.3,0.75,28117,76312,-1,0,105,27136,2089,14257,-53,4,44.31816,-68.92715,4,0.102,1
"2026-07-24 22:00:00",106,13.27,20.01,42,191,191,160,36594,1.3,0.75,28117,77032,-1,0,106,27136,2181,14348,-51,4,44.31809,-68.92715,4,0.089,1
"2026-07-24 23:00:00",107,13.24,19.6,42,189.9,190,159,36594,1.3,0.75,28117,77752,-1,0,107,27136,2273,14441,-53,4,44.31804,-68.92709,4,0.089,1
"2026-07-25 00:00:00",108,13.25,19.21,42,128,128,167,36594,1.3,0.75,28117,78472,-1,0,108,27136,0,14551,-55,4,44.31804,-68.92719,4,0.089,1
"2026-07-25 01:00:00",109,13.26,18.92,43,125,125,160,36594,1.3,0.75,28117,79192,-1,0,109,27136,101.6,14653,-65,4,44.31803,-68.92716,5,0.092,1
"2026-07-25 02:00:00",110,13.23,18.68,42,118,127,159,36594,1.3,0.75,28117,79912,-1,0,110,27136,202,14753,-61,4,44.3181,-68.92723,4,0.093,1
"2026-07-25 03:00:00",111,13.23,18.57,42,127,153,159,36594,1.3,0.75,28117,80632,-1,0,111,27136,298.3,14850,-51,4,"NAN","NAN",4,0.094,1
"2026-07-25 04:00:00",112,13.25,18.28,43,153,153,165,36594,1.3,0.75,28117,81352,-1,0,112,27136,400.2,14951,-51,4,44.31817,-68.92727,4,0.094,1
"2026-07-25 05:00:00",113,13.25,17.96,43,148,148,160,36594,1.3,0.75,28117,82072,-1,0,113,27136,493.8,15045,-61,4,44.31817,-68.9272,5,0.094,1
"2026-07-25 06:00:00",114,13.43,19.25,42,143.8,144,160,36594,1.3,0.75,28117,82792,-1,0,114,27136,596.7,15148,-55,4,44.3182,-68.92716,4,0.094,1
"2026-07-25 07:00:00",115,13.48,23.71,40,-17.03,-17,159,36594,1.3,0.75,28117,83512,-1,0,115,27136,700,15251,-53,4,44.31817,-68.92715,4,0.094,1
"2026-07-25 08:00:00",116,13.55,25.31,41,-35.12,-35,166,36594,1.3,0.75,28117,84232,-1,0,116,27136,805,15356,-55,4,44.31815,-68.92706,5,0.094,1
"2026-07-25 09:00:00",117,13.63,26.73,41,-118.7,73,160,36594,1.3,0.75,28117,84952,-1,0,117,27136,906,15458,-61,4,44.31806,-68.92719,7,0.106,1
"2026-07-25 10:00:00",118,13.56,29.01,41,73.02,87,166,36594,1.3,0.75,28117,85672,-1,0,118,27136,1002,15553,-61,4,44.31807,-68.92715,5,0.12,1
"2026-07-25 11:00:00",119,13.54,28.97,40,87,87,160,36594,1.3,0.75,28117,86392,-1,0,119,27136,1106,15657,-59,4,44.31804,-68.92707,4,0.12,1
"2026-07-25 12:00:00",120,13.54,29.44,38,63.01,69,166,36594,1.3,0.75,28117,87112,-1,0,120,27136,1202,15753,-59,4,44.31804,-68.92707,4,0.12,1
"2026-07-25 13:00:00",121,13.54,28.78,38,69.01,79,160,36594,1.3,0.75,28117,87832,-1,0,121,27136,1296,15847,-63,4,"NAN","NAN",4,0.107,1
"2026-07-25 14:00:00",122,13.54,27.39,39,78.98,79,160,36594,1.3,0.75,28117,88552,-1,0,122,27136,1389,15940,-63,4,44.31804,-68.92707,4,0.107,1
"2026-07-25 15:00:00",123,13.54,27.37,40,66.02,79,160,36594,1.3,0.75,28117,89272,-1,0,123,27136,1486,16038,-57,4,44.31814,-68.92709,4,0.105,1
"2026-07-25 16:00:00",124,13.54,27.54,40,78.98,79,159,36594,1.3,0.75,28117,89992,-1,0,124,27136,1580,16131,-55,4,44.31814,-68.92709,4,0.105,1
"2026-07-25 17:00:00",125,13.54,27.79,40,67,69,166,36594,1.3,0.75,28117,90712,-1,0,125,27136,1680,16232,-51,4,44.31814,-68.92715,6,0.105,1
"2026-07-25 18:00:00",126,13.53,28.18,41,69,69,167,36594,1.3,0.75,28117,91432,-1,0,126,27136,1779,16330,-55,4,44.31814,-68.92715,6,0.105,1
"2026-07-25 19:00:00",127,13.54,26.7,41,66.03,88,160,36594,1.3,0.75,28117,92152,-1,0,127,27136,1877,16429,-51,4,44.31821,-68.92712,4,0.094,1
"2026-07-25 20:00:00",128,13.49,23.12,42,88.1,174,159,36594,1.3,0.75,28117,92872,-1,0,128,27136,2029,16580,-53,4,44.31821,-68.92712,4,0.094,1
"2026-07-25 21:00:00",129,13.29,20.9,42,174,188,160,36594,1.3,0.75,28117,93592,-1,0,129,27136,2120,16671,-53,4,44.31821,-68.92712,4,0.059,1
"2026-07-25 22:00:00",130,13.27,20.07,42,187.9,188,159,36594,1.3,0.75,28117,94312,-1,0,130,27136,2217,16769,-51,4,44.31808,-68.92715,5,0.059,1
"2026-07-25 23:00:00",131,13.26,19.75,42,136,136,160,36594,1.3,0.75,28117,95032,-1,0,131,27136,2320,16872,-55,4,44.31813,-68.92714,6,0.059,1
"2026-07-26 00:00:00",132,13.24,19.02,43,130,143,160,36594,1.3,0.75,28117,95752,-1,0,132,27136,0,16973,-51,4,44.31803,-68.92717,4,0.059,1
"2026-07-26 01:00:00",133,13.26,18.32,43,142.9,143,160,36594,1.3,0.75,28117,96472,-1,0,133,27136,99.1,17073,-53,4,44.31806,-68.92718,4,0.051,1
"2026-07-26 02:00:00",134,13.26,17.79,43,88.1,140,159,36594,1.3,0.75,28117,97192,-1,0,134,27136,195.3,17169,-57,4,44.31797,-68.92732,4,0.051,1
"2026-07-26 03:00:00",135,13.25,17.48,43,140,154,166,36594,1.3,0.75,28117,97912,-1,0,135,27136,291.7,17265,-59,4,44.31804,-68.92713,4,0.043,1
"2026-07-26 04:00:00",136,13.22,17.63,43,154,154,159,36594,1.3,0.75,28117,98632,-1,0,136,27136,392.9,17366,-51,4,44.31819,-68.92724,5,0.043,1
"2026-07-26 05:00:00",137,13.25,17.34,42,121.1,160,159,36594,1.3,0.75,28117,99352,-1,0,137,27136,485.9,17459,-55,4,44.31812,-68.92718,4,0.043,1
"2026-07-26 06:00:00",138,13.28,17.23,42,159.9,160,160,36594,1.3,0.75,28117,100072,-1,0,138,27136,589.7,17563,-51,4,44.31815,-68.92718,4,0.043,1
"2026-07-26 07:00:00",139,13.37,18.02,42,84.9,85,160,36594,1.3,0.75,28117,100792,-1,0,139,27136,681.5,17655,-51,4,44.31816,-68.92718,5,0.037,1
"2026-07-26 08:00:00",140,13.5,21.01,40,45.82,46,167,36594,1.3,0.75,28117,101512,-1,0,140,27136,762.8,17736,-53,4,44.31815,-68.92716,6,0.037,1
"2026-07-26 09:00:00",141,13.48,21.93,41,-80.9,-6,160,36594,1.3,0.75,28117,102232,-1,0,141,27136,853,17826,-51,4,44.31812,-68.92717,4,0.037,1
"2026-07-26 10:00:00",142,13.46,24.89,42,-5.913,57,166,36594,1.3,0.75,28117,102952,-1,0,142,27136,936,17910,-51,4,44.31808,-68.92717,4,0.039,1
"2026-07-26 11:00:00",143,13.68,25.53,42,56.85,57,166,36594,1.3,0.75,28117,103672,-1,0,143,27136,1020,17993,-53,4,44.31816,-68.92713,4,0.039,1
"2026-07-26 12:00:00",144,13.57,27.55,41,-50.86,49,160,36594,1.3,0.75,28117,104392,-1,0,144,27136,1105,18078,-51,4,44.31805,-68.9272,5,0.039,1
"2026-07-26 13:00:00",145,13.54,29.26,39,49.03,71,159,36594,1.3,0.75,28117,105112,-1,0,145,27136,1185,18159,-51,4,44.318,-68.92711,4,0.037,1
"2026-07-26 14:00:00",146,13.54,30.06,39,71.02,84,160,36594,1.3,0.75,28117,105832,-1,0,146,27136,1263,18237,-51,4,44.31804,-68.92713,4,0.037,1
"2026-07-26 15:00:00",147,13.51,28.27,40,84,84,160,36594,1.3,0.75,28117,106552,-1,0,147,27136,1346,18319,-51,4,44.31808,-68.92719,4,0.027,1
"2026-07-26 16:00:00",148,13.53,27.37,40,82,82,166,36594,1.3,0.75,28117,107272,-1,0,148,27136,1430,18404,-51,4,44.31818,-68.92713,4,0.027,1
"2026-07-26 17:00:00",149,13.52,27.46,40,70.01,78,159,36594,1.3,0.75,28117,107992,-1,0,149,27136,1523,18496,-51,4,44.31815,-68.92715,4,0.027,1
"2026-07-26 18:00:00",150,13.54,27.26,41,77.99,78,166,36594,1.3,0.75,28117,108712,-1,0,150,27136,1606,18579,-53,4,44.31815,-68.92715,4,0.027,1
"2026-07-26 19:00:00",151,13.51,23.25,42,73.08,133,160,36594,1.3,0.75,28117,109432,-1,0,151,27136,1691,18664,-55,4,44.31817,-68.92716,4,0.027,1
"2026-07-26 20:00:00",152,13.36,21.42,43,133.1,184,167,36594,1.3,0.75,28117,110152,-1,0,152,27136,1781,18754,-55,4,44.31814,-68.9271,4,0.027,1
"2026-07-26 21:00:00",153,13.28,20.58,43,184,184,160,36594,1.3,0.75,28117,110872,-1,0,153,27136,1869,18843,-51,4,44.31814,-68.9271,4,-0.01,1
"2026-07-26 22:00:00",154,13.26,19.73,43,150.9,151,159,36594,1.3,0.75,28117,111592,-1,0,154,27136,1950,18923,-51,4,44.31814,-68.9271,4,-0.01,1
"2026-07-26 23:00:00",155,13.26,18.97,43,109,121,159,36594,1.3,0.75,28117,112312,-1,0,155,27136,2033,19007,-55,4,44.31808,-68.92718,5,-0.011,1
"2026-07-27 00:00:00",156,13.23,18.34,43,121,128,159,36594,1.3,0.75,28117,113032,-1,0,156,27136,0.064,19092,-53,4,44.31806,-68.92721,4,-0.011,1
"2026-07-27 01:00:00",157,13.23,17.63,43,128,151,160,36594,1.3,0.75,28117,113752,-1,0,157,27136,93.1,19185,-55,4,44.31802,-68.92735,4,-0.015,1
"2026-07-27 02:00:00",158,13.25,17.37,43,150.9,151,159,36594,1.3,0.75,28117,114472,-1,0,158,27136,193.4,19285,-51,4,44.318,-68.9272,4,-0.015,1
"2026-07-27 03:00:00",159,13.24,17.53,43,111,119,166,36594,1.3,0.75,28117,115192,-1,0,159,27136,288.9,19380,-57,4,44.31804,-68.92715,5,-0.025,1
"2026-07-27 04:00:00",160,13.25,17.36,43,119,119,160,36594,1.3,0.75,28117,115912,-1,0,160,27136,385.6,19477,-61,4,44.31804,-68.92722,5,-0.025,1
"2026-07-27 05:00:00",161,13.24,17.23,43,109,117,160,36594,1.3,0.75,28117,116632,-1,0,161,27136,482.1,19574,-53,4,44.31804,-68.92722,5,-0.025,1
"2026-07-27 06:00:00",162,13.32,18.5,42,116.9,117,160,36594,1.3,0.75,28117,117352,-1,0,162,27136,566.9,19658,-51,4,44.31816,-68.92726,4,-0.025,1
"2026-07-27 07:00:00",163,13.43,22.5,42,60.98,61,160,36594,1.3,0.75,28117,118072,-1,0,163,27136,651.5,19743,-51,4,44.31817,-68.92722,6,-0.025,1
"2026-07-27 08:00:00",164,13.45,23.96,42,44.98,45,159,36594,1.3,0.75,28117,118792,-1,0,164,27136,739.6,19831,-51,4,44.31812,-68.92745,4,-0.025,1
"2026-07-27 09:00:00",165,13.48,24.72,42,27.99,28,166,36594,1.3,0.75,28117,119512,-1,0,165,27136,832,19923,-55,4,44.31812,-68.92745,4,-0.004,1
"2026-07-27 10:00:00",166,13.62,26.23,41,23.12,106,159,36594,1.3,0.75,28117,120232,-1,0,166,27136,924,20016,-55,4,44.31808,-68.92715,4,-0.004,1
"2026-07-27 11:00:00",167,13.52,28.37,42,105.9,106,160,36594,1.3,0.75,28117,120952,-1,0,167,27136,1016,20108,-55,4,44.3181,-68.92728,4,-0.004,1
"2026-07-27 12:00:00",168,13.52,30.15,42,57.04,85,159,36594,1.3,0.75,28117,121672,-1,0,168,27136,1106,20198,-51,4,44.31807,-68.92715,4,-0.003,1
"2026-07-27 13:00:00",169,13.5,30.31,39,85,85,160,36594,1.3,0.75,28117,122392,-1,0,169,27136,1198,20289,-55,4,44.31807,-68.92715,4,-0.003,1
"2026-07-27 14:00:00",170,13.53,27.68,40,64.99,65,160,36594,1.3,0.75,28117,123112,-1,0,170,27136,1290,20382,-63,4,44.31806,-68.92714,4,-0.004,1
"2026-07-27 15:00:00",171,13.54,26.21,40,55.02,71,160,36594,1.3,0.75,28117,123832,-1,0,171,27136,1390,20482,-55,4,44.31806,-68.92714,4,-0.004,1
"2026-07-27 16:00:00",172,13.57,25.72,40,70.99,71,160,36594,1.3,0.75,28117,124552,-1,0,172,27136,1491,20582,-51,4,44.31806,-68.92714,4,-0.008,1
"2026-07-27 17:00:00",173,13.57,27.26,41,62.05,100,160,36594,1.3,0.75,28117,125272,-1,0,173,27136,1588,20680,-55,4,44.3182,-68.92711,4,-0.008,1
"2026-07-27 18:00:00",174,13.56,26.65,41,100,100,160,36594,1.3,0.75,28117,125992,-1,0,174,27136,1680,20772,-59,4,44.3182,-68.92711,4,-0.013,1
"2026-07-27 19:00:00",175,13.57,25.77,41,95,95,160,36594,1.3,0.75,28117,126712,-1,0,175,27136,1770,20862,-53,4,44.3182,-68.92711,4,-0.013,1
"2026-07-27 20:00:00",176,13.49,23.32,42,88.1,147,160,36594,1.3,0.75,28117,127432,-1,0,176,27136,1900,20991,-53,4,44.3182,-68.92711,4,-0.023,1
"2026-07-27 21:00:00",177,13.32,21.11,43,147,147,160,36594,1.3,0.75,28117,128152,-1,0,177,27136,1995,21087,-51,4,44.31818,-68.92712,4,-0.023,1
"2026-07-27 22:00:00",178,13.25,20.51,43,143,177,159,36594,1.3,0.75,28117,128872,-1,0,178,27136,2090,21181,-51,4,44.31818,-68.92712,4,-0.034,1
"2026-07-27 23:00:00",179,13.27,19.96,43,176.9,177,160,36594,1.3,0.75,28117,129592,-1,0,179,27136,2268,21360,-51,4,44.31818,-68.92712,4,-0.034,1
"2026-07-28 00:00:00",180,13.26,19.88,43,125,127,159,36594,1.3,0.75,28117,130312,-1,0,180,27136,0,21464,-51,4,44.3181,-68.92714,4,-0.034,1
"2026-07-28 01:00:00",181,13.26,19.71,43,127,152,160,36594,1.3,0.75,28117,131032,-1,0,181,27136,100.7,21565,-59,4,44.31805,-68.92711,5,-0.034,1
"2026-07-28 02:00:00",182,13.23,19.95,43,152,152,160,36594,1.3,0.75,28117,131752,-1,0,182,27136,217.3,21681,-55,4,44.31805,-68.92711,5,-0.032,1
"2026-07-28 03:00:00",183,13.23,19.57,43,137,137,160,36594,1.3,0.75,28117,132472,-1,0,183,27136,337.8,21802,-51,4,44.31804,-68.92715,4,-0.032,1
"2026-07-28 04:00:00",184,13.23,18.99,43,137.1,192,160,36594,1.3,0.75,28117,133192,-1,0,184,27136,543.7,22008,-53,4,44.31806,-68.92725,4,-0.032,1
"2026-07-28 05:00:00",185,13.25,18.71,43,191.9,192,159,36594,1.3,0.75,28117,133912,-1,0,185,27136,668.1,22132,-59,4,44.31806,-68.92725,4,-0.032,1
"2026-07-28 06:00:00",186,13.4,19.81,42,126.9,127,159,36594,1.3,0.75,28117,134632,-1,0,186,27136,763.3,22227,-53,4,44.31814,-68.92717,4,-0.036,1
"2026-07-28 07:00:00",187,13.52,23.84,41,58.88,59,160,36594,1.3,0.75,28117,135352,-1,0,187,27136,862,22326,-53,4,44.31818,-68.92718,5,-0.036,1
"2026-07-28 08:00:00",188,13.47,26.05,40,-27.96,-2,159,36594,1.3,0.75,28117,136072,-1,0,188,27136,958,22422,-53,4,44.31814,-68.92712,4,-0.036,1
"2026-07-28 09:00:00",189,13.57,27.19,40,-2.133,-2,160,36594,1.3,0.75,28117,136792,-1,0,189,27136,1048,22512,-51,4,44.31816,-68.92716,5,-0.024,1
"2026-07-28 10:00:00",190,13.48,29.06,40,-97.7,115,160,36594,1.3,0.75,28117,137512,-1,0,190,27136,1145,22608,-59,4,44.31817,-68.92722,4,-0.024,1
"2026-07-28 11:00:00",191,13.51,28.5,39,114.9,115,160,36594,1.3,0.75,28117,138232,-1,0,191,27136,1237,22701,-51,4,"NAN","NAN",4,-0.021,1
"2026-07-28 12:00:00",192,13.5,28.19,38,75.03,99,160,36594,1.3,0.75,28117,138952,-1,0,192,27136,1325,22788,-53,4,"NAN","NAN",4,-0.021,1
"2026-07-28 13:00:00",193,13.54,27.66,39,99,99,159,36594,1.3,0.75,28117,139672,-1,0,193,27136,1419,22883,-55,4,"NAN","NAN",4,-0.021,1
"2026-07-28 14:00:00",194,13.55,27.69,40,73.99,74,160,36594,1.3,0.75,28117,140392,-1,0,194,27136,1527,22991,-53,4,44.31808,-68.92699,4,-0.021,1
"2026-07-28 15:00:00",195,13.54,28.68,40,68.02,83,166,36594,1.3,0.75,28117,141112,-1,0,195,27136,1620,23084,-59,4,44.31808,-68.92715,4,-0.021,1
"2026-07-28 16:00:00",196,13.53,28.32,40,83,83,159,36594,1.3,0.75,28117,141832,-1,0,196,27136,1710,23173,-51,4,44.31808,-68.92715,4,-0.021,1
"2026-07-28 17:00:00",197,13.53,28.34,41,76.01,84,167,36594,1.3,0.75,28117,142552,-1,0,197,27136,1804,23268,-51,4,44.31815,-68.92712,4,-0.013,1
"2026-07-28 18:00:00",198,13.53,26.91,41,84,89,160,36594,1.3,0.75,28117,143272,-1,0,198,27136,1890,23354,-55,4,44.31815,-68.92722,4,-0.013,1
"2026-07-28 19:00:00",199,13.56,25.2,41,89.1,134,160,36594,1.3,0.75,28117,143992,-1,0,199,27136,1990,23454,-63,4,44.31824,-68.92722,4,-0.013,1
"2026-07-28 20:00:00",200,13.37,22.07,42,134,162,160,36594,1.3,0.75,28117,144712,-1,0,200,27136,2086,23550,-57,4,44.31824,-68.92722,4,-0.013,1
"2026-07-28 21:00:00",201,13.28,20.88,43,162,162,160,36594,1.3,0.75,28117,145432,-1,0,201,27136,2177,23641,-57,4,44.31816,-68.92715,5,-0.013,1
"2026-07-28 22:00:00",202,13.27,20.66,43,158.1,208,160,36594,1.3,0.75,28117,146152,-1,0,202,27136,2267,23731,-57,4,44.31816,-68.92717,5,-0.013,1
"2026-07-28 23:00:00",203,13.24,20.93,43,207.9,208,160,36594,1.3,0.75,28117,146872,-1,0,203,27136,2356,23820,-57,4,44.31816,-68.92718,4,-0.04,1
"2026-07-29 00:00:00",204,13.25,20.58,43,154,169,160,36594,1.3,0.75,28117,147592,-1,0,204,27136,0.061,23912,-55,4,44.31807,-68.92715,4,-0.04,1
"2026-07-29 01:00:00",205,13.26,20.52,43,169,195,159,36594,1.3,0.75,28117,148312,-1,0,205,27136,102.5,24015,-59,4,44.31807,-68.92715,4,-0.04,1
"2026-07-29 02:00:00",206,13.23,20.94,43,194.9,195,160,36594,1.3,0.75,28117,149032,-1,0,206,27136,209.8,24122,-55,4,44.31807,-68.92717,5,-0.039,1
"2026-07-29 03:00:00",207,13.25,20.88,43,144,177,159,36594,1.3,0.75,28117,149752,-1,0,207,27136,320.2,24232,-59,4,44.31812,-68.92719,4,-0.039,1
"2026-07-29 04:00:00",208,13.23,20.98,43,177,177,159,36594,1.3,0.75,28117,150472,-1,0,208,27136,422.3,24334,-59,4,44.31805,-68.92721,5,-0.039,1
"2026-07-29 05:00:00",209,13.25,20.61,43,144,151,160,36594,1.3,0.75,28117,151192,-1,0,209,27136,518,24430,-57,4,44.31803,-68.92719,4,-0.037,1
"2026-07-29 06:00:00",210,13.23,20.58,43,151,151,159,36594,1.3,0.75,28117,151912,-1,0,210,27136,604.8,24517,-53,4,44.31817,-68.92726,4,-0.037,1
"2026-07-29 07:00:00",211,13.28,21.07,43,134,134,160,36594,1.3,0.75,28117,152632,-1,0,211,27136,693.6,24606,-51,4,44.31817,-68.92726,4,-0.037,1
"2026-07-29 08:00:00",212,13.3,21.38,43,127,135,160,36594,1.3,0.75,28117,153352,-1,0,212,27136,783.5,24696,-57,4,44.31824,-68.92725,4,-0.037,1
"2026-07-29 09:00:00",213,13.43,25.27,40,134.8,135,160,36594,1.3,0.75,28117,154072,-1,0,213,27136,880,24792,-57,4,44.3182,-68.92715,4,-0.031,1
"2026-07-29 10:00:00",214,13.48,25.75,41,22.93,23,159,36594,1.3,0.75,28117,154792,-1,0,214,27136,965,24877,-55,4,44.3182,-68.92713,4,-0.028,1
"2026-07-29 11:00:00",215,13.5,24.73,42,-26.02,-26,160,36594,1.3,0.75,28117,155512,-1,0,215,27136,1054,24966,-53,4,44.31816,-68.92719,6,-0.014,1
"2026-07-29 12:00:00",216,13.59,26.52,41,-37.84,77,160,36594,1.3,0.75,28117,156232,-1,0,216,27136,1142,25054,-59,4,44.31812,-68.92723,5,-0.014,1
"2026-07-29 13:00:00",217,13.59,26.76,41,76.98,77,160,36594,1.3,0.75,28117,156952,-1,0,217,27136,1232,25144,-51,4,44.31809,-68.92724,4,-0.011,1
"2026-07-29 14:00:00",218,13.6,24.76,41,59.01,68,160,36594,1.3,0.75,28117,157672,-1,0,218,27136,1319,25231,-57,4,44.31804,-68.92722,4,-0.011,1
"2026-07-29 15:00:00",219,13.6,24.2,41,67.99,68,167,36594,1.3,0.75,28117,158392,-1,0,219,27136,1410,25322,-83,4,44.31804,-68.92722,4,-0.01,1
"2026-07-29 16:00:00",220,13.62,24.45,41,62.01,72,159,36594,1.3,0.75,28117,159112,-1,0,220,27136,1505,25417,-57,4,44.31806,-68.92722,4,-0.01,1
"2026-07-29 17:00:00",221,13.63,24.06,41,71.99,72,160,36594,1.3,0.75,28117,159832,-1,0,221,27136,1607,25519,-59,4,44.31806,-68.92722,4,-0.011,1
"2026-07-29 18:00:00",222,13.62,23.38,42,67.06,107,160,36594,1.3,0.75,28117,160552,-1,0,222,27136,1707,25619,-57,4,44.31812,-68.92735,4,-0.011,1
"2026-07-29 19:00:00",223,13.5,21.86,43,107,128,160,36594,1.3,0.75,28117,161272,-1,0,223,27136,1811,25723,-51,4,44.31812,-68.92727,5,-0.02,1
"2026-07-29 20:00:00",224,13.32,21.39,43,128,146,160,36594,1.3,0.75,28117,161992,-1,0,224,27136,1915,25827,-51,4,44.31812,-68.92727,5,-0.02,1
"2026-07-29 21:00:00",225,13.27,20.96,43,146,147,160,36594,1.3,0.75,28117,162712,-1,0,225,27136,2014,25926,-51,4,44.31813,-68.92715,4,-0.02,1
"2026-07-29 22:00:00",226,13.24,20.97,43,147,147,159,36594,1.3,0.75,28117,163432,-1,0,226,27136,2113,26025,-57,4,44.31813,-68.92715,4,-0.02,1
"2026-07-29 23:00:00",227,13.27,20.58,43,118.1,159,160,36594,1.3,0.75,28117,164152,-1,0,227,27136,2211,26124,-55,4,44.31812,-68.92718,4,-0.021,1
"2026-07-30 00:00:00",228,13.26,20.56,43,159,159,160,36594,1.3,0.75,28117,164872,-1,0,228,27136,0,26215,-53,4,44.31811,-68.92712,4,-0.021,1
"2026-07-30 01:00:00",229,13.23,21.28,43,145,145,160,36594,1.3,0.75,28117,165592,-1,0,229,27136,99.7,26315,-57,4,44.31804,-68.92718,4,-0.027,1
"2026-07-30 02:00:00",230,13.26,20.84,44,116.1,154,160,36594,1.3,0.75,28117,166312,-1,0,230,27136,206.6,26422,-51,4,44.31807,-68.92717,5,-0.027,1
"2026-07-30 03:00:00",231,13.26,20.73,43,153.9,154,166,36594,1.3,0.75,28117,167032,-1,0,231,27136,307.4,26523,-57,4,44.31802,-68.92718,5,-0.027,1
"2026-07-30 04:00:00",232,13.25,21.23,43,114.1,156,160,36594,1.3,0.75,28117,167752,-1,0,232,27136,452.2,26668,-51,4,44.31796,-68.92711,4,-0.027,1
"2026-07-30 05:00:00",233,13.25,20.82,44,155.9,156,166,36594,1.3,0.75,28117,168472,-1,0,233,27136,543.1,26759,-51,4,44.31806,-68.92717,4,-0.045,1
"2026-07-30 06:00:00",234,13.25,20.93,43,117,117,160,36594,1.3,0.75,28117,169192,-1,0,234,27136,728,26943,-55,4,44.31808,-68.92731,4,-0.045,1
"2026-07-30 07:00:00",235,13.28,21.64,43,106,119,159,36594,1.3,0.75,28117,169912,-1,0,235,27136,823,27038,-55,4,44.31799,-68.92717,4,-0.045,1
"2026-07-30 08:00:00",236,13.35,22.12,43,118.9,119,160,36594,1.3,0.75,28117,170632,-1,0,236,27136,914,27129,-51,4,44.3181,-68.92721,4,-0.045,1
"2026-07-30 09:00:00",237,13.47,24.91,41,42.83,43,159,36594,1.3,0.75,28117,171352,-1,0,237,27136,1007,27222,-51,4,44.3181,-68.92721,4,-0.043,1
"2026-07-30 10:00:00",238,13.52,25.37,42,-83,-83,160,36594,1.3,0.75,28117,172072,-1,0,238,27136,1096,27311,-51,4,44.31816,-68.92717,5,-0.041,1
"2026-07-30 11:00:00",239,13.47,24.58,42,-103.8,7,160,36594,1.3,0.75,28117,172792,-1,0,239,27136,1191,27407,-53,4,44.31816,-68.92717,5,-0.041,1
"2026-07-30 12:00:00",240,13.44,24.02,42,6.971,7,159,36594,1.3,0.75,28117,173512,-1,0,240,27136,1282,27499,-53,4,44.31808,-68.92716,4,-0.04,1
"2026-07-30 13:00:00",241,13.45,23.68,42,-13.93,35,167,36594,1.3,0.75,28117,174232,-1,0,241,27136,1374,27590,-51,4,44.31808,-68.92716,4,-0.029,1
"2026-07-30 14:00:00",242,13.74,23.83,42,35.01,39,160,36594,1.3,0.75,28117,174952,-1,0,242,27136,1459,27676,-55,4,44.31808,-68.92713,4,-0.029,1
"2026-07-30 15:00:00",243,13.6,23.77,42,39.09,103,166,36594,1.3,0.75,28117,175672,-1,0,243,27136,1553,27771,-51,4,44.31808,-68.92713,4,-0.035,1
"2026-07-30 16:00:00",244,13.52,22.4,43,103,117,160,36594,1.3,0.75,28117,176392,-1,0,244,27136,1644,27863,-59,4,44.31808,-68.92713,4,-0.035,1
"2026-07-30 17:00:00",245,13.57,22.42,43,116.9,117,160,36594,1.3,0.75,28117,177112,-1,0,245,27136,1737,27956,-51,4,44.3178,-68.92722,4,-0.035,1
"2026-07-30 18:00:00",246,13.4,21.28,43,61.04,93,159,36594,1.3,0.75,28117,177832,-1,0,246,27136,1869,28088,-51,4,44.3178,-68.92722,4,-0.035,1
"2026-07-30 19:00:00",247,13.3,20.8,43,93,127,160,36594,1.3,0.75,28117,178552,-1,0,247,27136,1957,28177,-55,4,44.31807,-68.92717,4,-0.035,1
"2026-07-30 20:00:00",248,13.27,20.88,43,127,127,160,36594,1.3,0.75,28117,179272,-1,0,248,27136,2046,28266,-53,4,44.31807,-68.92724,4,-0.035,1
"2026-07-30 21:00:00",249,13.27,21.31,43,108,132,159,36594,1.3,0.75,28117,179992,-1,0,249,27136,2136,28357,-53,4,44.31811,-68.92725,4,-0.031,1
"2026-07-30 22:00:00",250,13.27,20.99,43,132,132,159,36594,1.3,0.75,28117,180712,-1,0,250,27136,2232,28453,-55,4,44.31811,-68.92725,4,-0.03,1
"2026-07-30 23:00:00",251,13.26,20.88,43,124,124,167,36594,1.3,0.75,28117,181432,-1,0,251,27136,2328,28549,-51,4,44.31807,-68.92723,4,-0.03,1
"2026-07-31 00:00:00",252,13.25,21.21,43,107.1,171,160,36594,1.3,0.75,28117,182152,-1,0,252,27136,0.064,28643,-57,4,44.31807,-68.92723,4,-0.03,1
"2026-07-31 01:00:00",253,13.22,20.99,43,170.9,171,159,36594,1.3,0.75,28117,182872,-1,0,253,27136,102.8,28746,-57,4,44.31807,-68.92723,4,-0.03,1
"2026-07-31 02:00:00",254,13.23,20.78,43,123.1,219,160,36594,1.3,0.75,28117,183592,-1,0,254,27136,198.3,28842,-51,4,44.31804,-68.92715,4,-0.029,1
"2026-07-31 03:00:00",255,13.22,20.62,43,218.8,219,160,36594,1.3,0.75,28117,184312,-1,0,255,27136,289.9,28934,-57,4,44.31807,-68.92722,5,-0.029,1
"2026-07-31 04:00:00",256,13.23,20.36,43,104,118,159,36594,1.3,0.75,28117,185032,-1,0,256,27136,381.9,29027,-55,4,44.31797,-68.92715,4,-0.028,1
"2026-07-31 05:00:00",257,13.24,19.92,43,118,118,159,36594,1.3,0.75,28117,185752,-1,0,257,27136,497.9,29143,-51,4,44.31797,-68.92715,4,-0.026,1
"2026-07-31 06:00:00",258,13.28,19.92,43,111,111,160,36594,1.3,0.75,28117,186472,-1,0,258,27136,582.2,29228,-61,4,44.31797,-68.92715,4,-0.026,1
"2026-07-31 07:00:00",259,13.43,22.02,43,106.9,107,167,36594,1.3,0.75,28117,187192,-1,0,259,27136,671.7,29318,-57,4,44.31797,-68.92715,4,-0.019,1
"2026-07-31 08:00:00",260,13.45,23.46,43,17.97,18,159,36594,1.3,0.75,28117,187912,-1,0,260,27136,765.6,29412,-55,4,44.31809,-68.92716,4,-0.01,1
"2026-07-31 09:00:00",261,13.45,24.89,43,-5.004,-5,159,36594,1.3,0.75,28117,188632,-1,0,261,27136,862,29509,-51,4,44.318,-68.92731,4,-0.004,1
"2026-07-31 10:00:00",262,13.47,26.11,42,-8,-8,160,36594,1.3,0.75,28117,189352,-1,0,262,27136,958,29606,-51,4,44.318,-68.92731,4,0.006,1
"2026-07-31 11:00:00",263,13.51,26.61,42,-8.01,-8,160,36594,1.3,0.75,28117,190072,-1,0,263,27136,1047,29695,-55,4,44.318,-68.92731,4,0.008,1
"2026-07-31 12:00:00",264,13.51,27.68,42,-12.83,110,159,36594,1.3,0.75,28117,190792,-1,0,264,27136,1139,29788,-51,4,44.31819,-68.92721,4,0.008,1
"2026-07-31 13:00:00",265,13.5,28.17,42,109.9,110,159,36594,1.3,0.75,28117,191512,-1,0,265,27136,1232,29881,-57,4,"NAN","NAN",4,0.006,1
"2026-07-31 14:00:00",266,13.52,28.79,41,35.01,43,160,36594,1.3,0.75,28117,192232,-1,0,266,27136,1315,29964,-57,4,44.31806,-68.92715,4,-0.003,1
"2026-07-31 15:00:00",267,13.52,30.59,41,43.01,47,159,36594,1.3,0.75,28117,192952,-1,0,267,27136,1405,30055,-51,4,44.31801,-68.92717,4,-0.003,1
"2026-07-31 16:00:00",268,13.5,31.46,40,47.01,56,160,36594,1.3,0.75,28117,193672,-1,0,268,27136,1501,30152,-53,4,44.31807,-68.92711,4,-0.003,1
"2026-07-31 17:00:00",269,13.48,30.2,40,55.97,56,159,36594,1.3,0.75,28117,194392,-1,0,269,27136,1592,30242,-55,4,44.31801,-68.92716,4,-0.003,1
"2026-07-31 18:00:00",270,13.49,30.79,40,36.09,101,166,36594,1.3,0.75,28117,195112,-1,0,270,27136,1685,30336,-51,4,44.31805,-68.92721,4,-0.001,1
"2026-07-31 19:00:00",271,13.51,28.85,41,101,101,160,36594,1.3,0.75,28117,195832,-1,0,271,27136,1781,30432,-51,4,44.31814,-68.92717,5,-0.001,1
"2026-07-31 20:00:00",272,13.44,24.97,42,79.11,157,159,36594,1.3,0.75,28117,196552,-1,0,272,27136,1873,30525,-53,4,44.31816,-68.92716,4,-0.001,1
"2026-07-31 21:00:00",273,13.31,22.5,43,157,157,160,36594,1.3,0.75,28117,197272,-1,0,273,27136,1973,30625,-55,4,44.31814,-68.9272,4,-0.001,1
"2026-07-31 22:00:00",274,13.27,21.53,43,146.1,185,166,36594,1.3,0.75,28117,197992,-1,0,274,27136,2078,30731,-51,4,44.31814,-68.9272,4,-0.003,1
"2026-07-31 23:00:00",275,13.27,20.87,43,185,207,160,36594,1.3,0.75,28117,198712,-1,0,275,27136,2180,30834,-53,4,44.31817,-68.92722,4,-0.003,1
"2026-08-01 00:00:00",276,13.24,19.8,43,206.9,207,160,36594,1.3,0.75,28117,199432,-1,0,276,27136,0.159,0,-55,4,44.31812,-68.92722,4,-0.003,1
"2026-08-01 01:00:00",277,13.26,19.7,44,115.1,153,160,36594,1.3,0.75,28117,200152,-1,0,277,27136,119.7,119,-51,4,44.31807,-68.92715,7,-0.003,1
"2026-08-01 02:00:00",278,13.26,19.04,43,153,156,166,36594,1.3,0.75,28117,200872,-1,0,278,27136,209.9,209,-57,4,44.31801,-68.92723,5,-0.003,1
"2026-08-01 03:00:00",279,13.25,19.2,44,155.9,156,160,36594,1.3,0.75,28117,201592,-1,0,279,27136,305.2,305,-53,4,44.31803,-68.92719,4,-0.008,1
"2026-08-01 04:00:00",280,13.22,18.94,44,111,111,160,36594,1.3,0.75,28117,202312,-1,0,280,27136,398,397,-53,4,44.31811,-68.92722,4,-0.008,1
"2026-08-01 05:00:00",281,13.25,18.94,44,104,119,160,36594,1.3,0.75,28117,203032,-1,0,281,27136,709,708,-53,4,44.31804,-68.92716,4,-0.008,1
"2026-08-01 06:00:00",282,13.29,19.69,43,118.9,119,159,36594,1.3,0.75,28117,203752,-1,0,282,27136,801,801,-57,4,44.31804,-68.92716,4,-0.008,1
"2026-08-01 07:00:00",283,13.46,23.93,42,48.89,49,159,36594,1.3,0.75,28117,204472,-1,0,283,27136,894,893,-53,4,44.31801,-68.92723,5,0.002,1
"2026-08-01 08:00:00",284,13.49,26.21,43,-28.04,-28,159,36594,1.3,0.75,28117,205192,-1,0,284,27136,973,973,-57,4,44.31807,-68.92729,4,0.016,1
"2026-08-01 09:00:00",285,13.51,27.04,43,-60,-57,166,36594,1.3,0.75,28117,205912,-1,0,285,27136,1064,1064,-53,4,44.31807,-68.92729,4,0.033,1
"2026-08-01 10:00:00",286,13.56,27.93,43,-56.83,62,167,36594,1.3,0.75,28117,206632,-1,0,286,27136,1144,1144,-51,4,44.31817,-68.92719,4,0.052,1
"2026-08-01 11:00:00",287,13.48,32.95,39,62.06,102,160,36594,1.3,0.75,28117,207352,-1,0,287,27136,1225,1225,-55,4,44.31818,-68.92715,5,0.052,1
"2026-08-01 12:00:00",288,13.44,33.26,38,102,102,160,36594,1.3,0.75,28117,208072,-1,0,288,27136,1305,1305,-51,4,44.31816,-68.92712,5,0.052,1
"2026-08-01 13:00:00",289,13.47,31.17,38,70.01,74,163,36594,1.3,0.75,28117,208792,-1,0,289,27136,1391,1390,-59,4,44.31816,-68.92712,5,0.035,1
"2026-08-01 14:00:00",290,13.54,27.9,40,73.98,74,159,36594,1.3,0.75,28117,209512,-1,0,290,27136,1476,1476,-59,4,44.31816,-68.92712,5,0.035,1
"2026-08-01 15:00:00",291,13.54,26.39,40,63.04,89,166,36594,1.3,0.75,28117,210232,-1,0,291,27136,1560,1559,-51,4,44.31816,-68.92712,5,0.032,1
"2026-08-01 16:00:00",292,13.55,26.01,41,89,89,167,36594,1.3,0.75,28117,210952,-1,0,292,27136,1645,1645,-55,4,44.31816,-68.92712,5,0.032,1
"2026-08-01 17:00:00",293,13.59,25.28,41,58.01,68,159,36594,1.3,0.75,28117,211672,-1,0,293,27136,1717,1717,-51,4,44.31816,-68.92712,5,0.027,1
"2026-08-01 18:00:00",294,13.6,25.88,42,68,68,160,36594,1.3,0.75,28117,212392,-1,0,294,27136,1804,1804,-51,4,44.31816,-68.92712,5,0.03,1
"2026-08-01 19:00:00",295,13.58,23.84,42,65.07,118,160,36594,1.3,0.75,28117,213112,-1,0,295,27136,1883,1882,-53,4,44.31816,-68.92714,5,0.03,1
"2026-08-01 20:00:00",296,13.38,22.11,43,118.1,196,160,36594,1.3,0.75,28117,213832,-1,0,296,27136,1959,1959,-53,4,44.31812,-68.92718,4,0.027,1
"2026-08-01 21:00:00",297,13.28,21.35,43,195.9,196,160,36594,1.3,0.75,28117,214552,-1,0,297,27136,2036,2036,-53,4,44.31812,-68.92718,4,0.017,1
"2026-08-01 22:00:00",298,13.26,20.97,44,136.1,191,160,36594,1.3,0.75,28117,215272,-1,0,298,27136,2115,2114,-53,4,44.31812,-68.92718,4,0.017,1
"2026-08-01 23:00:00",299,13.27,20.47,44,191,191,159,36594,1.3,0.75,28117,215992,-1,0,299,27136,2203,2202,-51,4,44.31824,-68.92712,4,0.017,1
"2026-08-02 00:00:00",300,13.24,20.05,44,155,179,159,36594,1.3,0.75,28117,216712,-1,0,300,27136,0,2288,-51,4,44.31818,-68.92711,4,0.019,1
"2026-08-02 01:00:00",301,13.26,20.36,44,179,179,159,36594,1.3,0.75,28117,217432,-1,0,301,27136,81.7,2369,-53,4,44.31814,-68.92712,4,0.025,1
"2026-08-02 02:00:00",302,13.26,20.36,44,164,164,160,36594,1.3,0.75,28117,218152,-1,0,302,27136,161.7,2449,-55,4,44.3181,-68.9271,4,0.025,1
"2026-08-02 03:00:00",303,13.25,20.17,44,164,164,160,36594,1.3,0.75,28117,218872,-1,0,303,27136,248.9,2536,-61,4,44.31813,-68.92715,4,0.025,1
"2026-08-02 04:00:00",304,13.25,19.86,44,153.1,191,160,36594,1.3,0.75,28117,219592,-1,0,304,27136,337.8,2625,-55,4,44.31805,-68.92715,4,0.025,1
"2026-08-02 05:00:00",305,13.25,19.87,44,190.9,191,159,36594,1.3,0.75,28117,220312,-1,0,305,27136,413.3,2701,-57,4,44.31804,-68.92718,4,0.026,1
"2026-08-02 06:00:00",306,13.23,20.13,44,145,145,160,36594,1.3,0.75,28117,221032,-1,0,306,27136,491.9,2780,-57,4,44.31808,-68.92721,5,0.026,1
"2026-08-02 07:00:00",307,13.25,20.62,43,138,138,160,36594,1.3,0.75,28117,221752,-1,0,307,27136,576.1,2864,-55,4,44.31801,-68.92725,5,0.026,1
"2026-08-02 08:00:00",308,13.33,21.74,43,113,113,159,36594,1.3,0.75,28117,222472,-1,0,308,27136,659.7,2947,-57,4,44.31813,-68.92717,5,0.026,1
"2026-08-02 09:00:00",309,13.38,22.92,42,102,102,160,36594,1.3,0.75,28117,223192,-1,0,309,27136,745.9,3034,-51,4,44.31812,-68.92724,4,0.034,1
"2026-08-02 10:00:00",310,13.41,23.46,43,96.9,97,160,36594,1.3,0.75,28117,223912,-1,0,310,27136,834,3122,-55,4,44.31816,-68.92717,4,0.037,1
"2026-08-02 11:00:00",311,13.57,27.51,40,48.76,49,159,36594,1.3,0.75,28117,224632,-1,0,311,27136,914,3202,-53,4,44.31816,-68.92717,4,0.043,1
"2026-08-02 12:00:00",312,13.56,27.94,40,-126.8,12,160,36594,1.3,0.75,28117,225352,-1,0,312,27136,996,3283,-53,4,44.31816,-68.92721,4,0.043,1
"2026-08-02 13:00:00",313,13.52,27.92,41,12.14,111,160,36594,1.3,0.75,28117,226072,-1,0,313,27136,1075,3363,-53,4,44.31816,-68.92721,4,0.043,1
"2026-08-02 14:00:00",314,13.53,28.21,42,110.9,111,159,36594,1.3,0.75,28117,226792,-1,0,314,27136,1151,3439,-53,4,44.31816,-68.92721,4,0.043,1
"2026-08-02 15:00:00",315,13.53,27.44,41,45.05,83,159,36594,1.3,0.75,28117,227512,-1,0,315,27136,1239,3527,-55,4,44.31816,-68.92721,4,0.044,1
"2026-08-02 16:00:00",316,13.54,27.21,42,83,83,160,36594,1.3,0.75,28117,228232,-1,0,316,27136,1336,3623,-55,4,44.31816,-68.92721,4,0.044,1
"2026-08-02 17:00:00",317,13.57,26.76,42,73.03,98,167,36594,1.3,0.75,28117,228952,-1,0,317,27136,1424,3712,-57,4,44.31812,-68.92712,4,0.044,1
"2026-08-02 18:00:00",318,13.56,24.18,43,98,109,160,36594,1.3,0.75,28117,229672,-1,0,318,27136,1513,3801,-57,4,44.31812,-68.92712,4,0.044,1
"2026-08-02 19:00:00",319,13.51,23.18,43,109.1,178,160,36594,1.3,0.75,28117,230392,-1,0,319,27136,1610,3898,-53,4,44.31812,-68.92712,4,0.044,1
"2026-08-02 20:00:00",320,13.32,22.35,44,178,178,160,36594,1.3,0.75,28117,231112,-1,0,320,27136,1698,3985,-53,4,44.31812,-68.92712,4,0.044,1
"2026-08-02 21:00:00",321,13.28,22.34,44,154,166,159,36594,1.3,0.75,28117,231832,-1,0,321,27136,1790,4078,-55,4,44.31815,-68.92703,4,0.026,1
"2026-08-02 22:00:00",322,13.27,22.21,44,166,166,160,36594,1.3,0.75,28117,232552,-1,0,322,27136,1926,4214,-53,4,44.31826,-68.92693,4,0.026,1
"2026-08-02 23:00:00",323,13.26,22.06,44,163.1,201,160,36594,1.3,0.75,28117,233272,-1,0,323,27136,2048,4336,-55,4,44.3182,-68.92716,4,0.023,1
"2026-08-03 00:00:00",324,13.24,22.07,44,200.9,201,160,36594,1.3,0.75,28117,233992,-1,0,324,27136,0.061,4419,-55,4,44.31829,-68.92729,4,0.023,1
"2026-08-03 01:00:00",325,13.25,21.72,44,153,153,159,36594,1.3,0.75,28117,234712,-1,0,325,27136,88.7,4508,-55,4,44.3182,-68.92706,5,0.021,1
"2026-08-03 02:00:00",326,13.26,21.32,44,143,172,159,36594,1.3,0.75,28117,235432,-1,0,326,27136,175.8,4595,-53,4,44.3181,-68.92721,4,0.018,1
"2026-08-03 03:00:00",327,13.26,21.39,44,172,172,159,36594,1.3,0.75,28117,236152,-1,0,327,27136,266.6,4686,-53,4,44.31804,-68.92711,4,0.015,1
"2026-08-03 04:00:00",328,13.26,21.16,44,146,146,159,36594,1.3,0.75,28117,236872,-1,0,328,27136,358.6,4778,-51,4,44.31813,-68.92712,5,0.015,1
"2026-08-03 05:00:00",329,13.25,21.21,44,143,148,160,36594,1.3,0.75,28117,237592,-1,0,329,27136,451.5,4871,-73,4,44.31809,-68.92718,4,-0.002,1
"2026-08-03 06:00:00",330,13.25,21.04,44,148,148,160,36594,1.3,0.75,28117,238312,-1,0,330,27136,546.8,4966,-55,4,"NAN","NAN",4,-0.002,1
"2026-08-03 07:00:00",331,13.24,21.44,44,146,146,159,36594,1.3,0.75,28117,239032,-1,0,331,27136,639.8,5059,-55,4,44.31804,-68.9272,4,-0.002,1
"2026-08-03 08:00:00",332,13.26,21.55,44,130,130,159,36594,1.3,0.75,28117,239752,-1,0,332,27136,722.2,5141,-55,4,44.31804,-68.92715,5,-0.016,1
"2026-08-03 09:00:00",333,13.27,21.49,44,122,133,160,36594,1.3,0.75,28117,240472,-1,0,333,27136,814,5233,-61,4,"NAN","NAN",4,-0.016,1
"2026-08-03 10:00:00",334,13.3,21.93,44,133,153,160,36594,1.3,0.75,28117,241192,-1,0,334,27136,898,5317,-51,4,44.31812,-68.92706,7,-0.021,1
"2026-08-03 11:00:00",335,13.32,22.85,44,152.9,153,160,36594,1.3,0.75,28117,241912,-1,0,335,27136,973,5393,-53,4,"NAN","NAN",4,-0.021,1
"2026-08-03 12:00:00",336,13.31,22.84,44,98.1,172,160,36594,1.3,0.75,28117,242632,-1,0,336,27136,1058,5477,-53,4,"NAN","NAN",4,-0.035,1
"2026-08-03 13:00:00",337,13.32,22.44,44,171.9,172,160,36594,1.3,0.75,28117,243352,-1,0,337,27136,1140,5559,-55,4,"NAN","NAN",4,-0.035,1
"2026-08-03 14:00:00",338,13.3,22.4,44,126,126,160,36594,1.3,0.75,28117,244072,-1,0,338,27136,1215,5634,-55,4,"NAN","NAN",4,-0.045,1
"2026-08-03 15:00:00",339,13.31,22.7,44,103.1,139,159,36594,1.3,0.75,28117,244792,-1,0,339,27136,1293,5712,-51,4,"NAN","NAN",4,-0.045,1
"2026-08-03 16:00:00",340,13.43,23.44,44,138.8,139,160,36594,1.3,0.75,28117,245512,-1,0,340,27136,1375,5794,-53,4,"NAN","NAN",4,-0.064,1
"2026-08-03 17:00:00",341,13.36,23.13,44,13.1,88,159,36594,1.3,0.75,28117,246232,-1,0,341,27136,1456,5876,-55,4,"NAN","NAN",4,-0.064,1
"2026-08-03 18:00:00",342,13.36,23.21,44,88.1,156,166,36594,1.3,0.75,28117,246952,-1,0,342,27136,1543,5962,-65,4,44.31816,-68.92714,4,-0.065,1
"2026-08-03 19:00:00",343,13.31,22.23,45,156,156,159,36594,1.3,0.75,28117,247672,-1,0,343,27136,1625,6044,-53,4,44.31816,-68.92714,4,-0.065,1
"2026-08-03 20:00:00",344,13.26,21.86,45,143.1,199,159,36594,1.3,0.75,28117,248392,-1,0,344,27136,1709,6128,-55,4,44.31816,-68.92714,4,-0.081,1
"2026-08-03 21:00:00",345,13.22,21.84,45,199,199,159,36594,1.3,0.75,28117,249112,-1,0,345,27136,1796,6216,-57,4,"NAN","NAN",4,-0.081,1
"2026-08-03 22:00:00",346,13.25,21.54,45,177,177,160,36594,1.3,0.75,28117,249832,-1,0,346,27136,1885,6304,-53,4,44.31822,-68.92712,5,-0.089,1
"2026-08-03 23:00:00",347,13.25,22.57,45,153,184,160,36594,1.3,0.75,28117,250552,-1,0,347,27136,1972,6391,-57,4,44.31824,-68.92715,4,-0.089,1
"2026-08-04 00:00:00",348,13.25,22,45,184.1,226,160,36594,1.3,0.75,28117,251272,-1,0,348,27136,0,6481,-65,4,44.31824,-68.92715,4,-0.089,1
"2026-08-04 01:00:00",349,13.24,21.63,45,225.9,226,160,36594,1.3,0.75,28117,251992,-1,0,349,27136,88.8,6569,-61,4,44.31824,-68.92715,4,-0.078,1
"2026-08-04 02:00:00",350,13.22,21.04,45,169,174,160,36594,1.3,0.75,28117,252712,-1,0,350,27136,177.1,6658,-61,4,44.31814,-68.92712,4,-0.078,1
"2026-08-04 03:00:00",351,13.24,20.24,45,174,174,160,36594,1.3,0.75,28117,253432,-1,0,351,27136,295.7,6776,-55,4,44.31811,-68.9271,4,-0.078,1
"2026-08-04 04:00:00",352,13.24,20.27,44,168.9,169,160,36594,1.3,0.75,28117,254152,-1,0,352,27136,383.1,6864,-55,4,44.31808,-68.92708,4,-0.119,1
"2026-08-04 05:00:00",353,13.2,20.05,45,132.1,191,166,36594,1.3,0.75,28117,254872,-1,0,353,27136,499.2,6980,-65,4,44.31816,-68.9272,4,-0.119,1
"2026-08-04 06:00:00",354,13.36,21.04,44,190.8,191,160,36594,1.3,0.75,28117,255592,-1,0,354,27136,584.4,7065,-51,4,44.31806,-68.92719,4,-0.119,1
"2026-08-04 07:00:00",355,13.5,23.41,43,39.81,40,160,36594,1.3,0.75,28117,256312,-1,0,355,27136,672.2,7153,-55,4,44.31806,-68.92719,4,-0.119,1
"2026-08-04 08:00:00",356,13.54,25.67,42,-96,-77,160,36594,1.3,0.75,28117,257032,-1,0,356,27136,760.1,7241,-53,4,44.31806,-68.92719,4,-0.118,1
"2026-08-04 09:00:00",357,13.48,26.68,42,-76.96,-47,159,36594,1.3,0.75,28117,257752,-1,0,357,27136,846,7327,-65,4,44.31806,-68.92719,4,-0.044,1
"2026-08-04 10:00:00",358,13.44,27.86,43,-46.84,70,159,36594,1.3,0.75,28117,258472,-1,0,358,27136,943,7424,-57,4,44.31806,-68.92719,4,0.025,1
"2026-08-04 11:00:00",359,13.43,29.66,42,70.02,86,166,36594,1.3,0.75,28117,259192,-1,0,359,27136,1033,7514,-57,4,44.31813,-68.92707,5,0.054,1
"2026-08-04 12:00:00",360,13.43,31.13,42,85.9,86,160,36594,1.3,0.75,28117,259912,-1,0,360,27136,1123,7604,-57,4,44.31813,-68.92707,5,0.054,1
"2026-08-04 13:00:00",361,13.46,31.43,41,-11.97,12,159,36594,1.3,0.75,28117,260632,-1,0,361,27136,1226,7706,-81,4,44.31817,-68.92714,4,0.054,1
"2026-08-04 14:00:00",362,13.5,32.19,41,12.04,39,160,36594,1.3,0.75,28117,261352,-1,0,362,27136,1318,7799,-59,4,44.3182,-68.92715,4,0.054,1
"2026-08-04 15:00:00",363,13.41,31.41,43,39.13,130,159,36594,1.3,0.75,28117,262072,-1,0,363,27136,1442,7922,-53,4,44.31816,-68.92713,4,0.045,1
"2026-08-04 16:00:00",364,13.44,30.9,41,129.9,130,159,36594,1.3,0.75,28117,262792,-1,0,364,27136,1541,8021,-59,4,44.31816,-68.92713,4,0.045,1
"2026-08-04 17:00:00",365,13.48,29.06,42,74,74,160,36594,1.3,0.75,28117,263512,-1,0,365,27136,1644,8125,-53,4,44.31812,-68.92722,4,0.045,1
"2026-08-04 18:00:00",366,13.52,28.76,42,73,73,159,36594,1.3,0.75,28117,264232,-1,0,366,27136,1746,8226,-55,4,44.31808,-68.92715,4,0.063,1
"2026-08-04 19:00:00",367,13.52,27.55,43,72.01,78,160,36594,1.3,0.75,28117,264952,-1,0,367,27136,1849,8330,-55,4,44.31807,-68.92718,4,0.063,1
"2026-08-04 20:00:00",368,13.43,24.35,44,78.09,144,159,36594,1.3,0.75,28117,265672,-1,0,368,27136,1945,8426,-53,4,44.31807,-68.92718,4,0.063,1
"2026-08-04 21:00:00",369,13.3,23.21,44,144.1,241,160,36594,1.3,0.75,28117,266392,-1,0,369,27136,2050,8531,-61,4,44.31807,-68.92718,4,0.045,1
"2026-08-04 22:00:00",370,13.25,22.42,44,240.9,241,159,36594,1.3,0.75,28117,267112,-1,0,370,27136,2152,8633,-53,4,44.31809,-68.92706,4,0.045,1
"2026-08-04 23:00:00",371,13.26,21.61,45,147,147,159,36594,1.3,0.75,28117,267832,-1,0,371,27136,2248,8728,-57,4,44.31815,-68.92721,4,0.045,1
"2026-08-05 00:00:00",372,13.27,22.03,45,147,157,160,36594,1.3,0.75,28117,268552,-1,0,372,27136,0,8831,-53,4,44.31813,-68.92717,4,0.047,1
"2026-08-05 01:00:00",373,13.26,21.55,45,157,187,160,36594,1.3,0.75,28117,269272,-1,0,373,27136,99.3,8931,-53,4,44.31818,-68.92716,6,0.053,1
"2026-08-05 02:00:00",374,13.26,20.93,45,187,214,159,36594,1.3,0.75,28117,269992,-1,0,374,27136,192.9,9024,-55,4,44.31818,-68.92715,6,0.053,1
"2026-08-05 03:00:00",375,13.24,20.68,45,213.9,214,166,36594,1.3,0.75,28117,270712,-1,0,375,27136,285.1,9116,-51,4,44.31814,-68.9272,4,0.053,1
"2026-08-05 04:00:00",376,13.25,20.33,45,108,124,166,36594,1.3,0.75,28117,271432,-1,0,376,27136,379.3,9211,-53,4,44.31807,-68.92712,4,0.053,1
"2026-08-05 05:00:00",377,13.25,20.4,45,124,124,159,36594,1.3,0.75,28117,272152,-1,0,377,27136,485.1,9316,-57,4,44.31814,-68.92721,4,0.053,1
"2026-08-05 06:00:00",378,13.31,21.08,44,117.9,118,160,36594,1.3,0.75,28117,272872,-1,0,378,27136,582,9413,-59,4,44.3181,-68.92722,4,0.054,1
"2026-08-05 07:00:00",379,13.49,23.39,43,33.84,34,160,36594,1.3,0.75,28117,273592,-1,0,379,27136,674.3,9506,-53,4,44.31802,-68.9272,4,0.06,1
"2026-08-05 08:00:00",380,13.45,26.29,44,-78.88,4,160,36594,1.3,0.75,28117,274312,-1,0,380,27136,769.5,9601,-51,4,44.31803,-68.92717,5,0.068,1
"2026-08-05 09:00:00",381,13.59,30.94,42,3.883,4,160,36594,1.3,0.75,28117,275032,-1,0,381,27136,873,9705,-59,4,44.31804,-68.92722,4,0.085,1
"2026-08-05 10:00:00",382,13.53,28.08,42,-79.83,41,160,36594,1.3,0.75,28117,275752,-1,0,382,27136,987,9818,-51,4,44.3181,-68.92714,4,0.088,1
"2026-08-05 11:00:00",383,13.49,31.91,40,41.11,122,159,36594,1.3,0.75,28117,276472,-1,0,383,27136,1099,9930,-53,4,44.3182,-68.92716,4,0.093,1
"2026-08-05 12:00:00",384,13.48,32.43,40,121.9,122,160,36594,1.3,0.75,28117,277192,-1,0,384,27136,1198,10029,-51,4,44.31814,-68.92713,4,0.093,1
"2026-08-05 13:00:00",385,13.49,30,41,70,73,159,36594,1.3,0.75,28117,277912,-1,0,385,27136,1303,10134,-51,4,44.31817,-68.9272,5,0.093,1
"2026-08-05 14:00:00",386,13.49,29.02,41,73.01,81,166,36594,1.3,0.75,28117,278632,-1,0,386,27136,1399,10230,-51,4,44.31817,-68.9272,5,0.093,1
"2026-08-05 15:00:00",387,13.5,29.68,41,81,81,159,36594,1.3,0.75,28117,279352,-1,0,387,27136,1502,10333,-57,4,44.31819,-68.92715,4,0.09,1
"2026-08-05 16:00:00",388,13.52,29.3,41,62.97,63,159,36594,1.3,0.75,28117,280072,-1,0,388,27136,1602,10433,-59,4,44.31812,-68.92714,6,0.09,1
"2026-08-05 17:00:00",389,13.51,28.79,42,44.07,91,160,36594,1.3,0.75,28117,280792,-1,0,389,27136,1707,10538,-53,4,44.31806,-68.92714,4,0.09,1
"2026-08-05 18:00:00",390,13.51,27.77,43,91,91,160,36594,1.3,0.75,28117,281512,-1,0,390,27136,1814,10645,-59,4,44.31806,-68.92714,4,0.09,1
"2026-08-05 19:00:00",391,13.54,26.59,43,64.05,97,159,36594,1.3,0.75,28117,282232,-1,0,391,27136,1925,10756,-57,4,44.31807,-68.92713,5,0.07,1
"2026-08-05 20:00:00",392,13.44,23.37,44,97.1,138,159,36594,1.3,0.75,28117,282952,-1,0,392,27136,2031,10863,-81,4,44.31806,-68.92716,4,0.069,1
"2026-08-05 21:00:00",393,13.3,22.5,44,138,157,160,36594,1.3,0.75,28117,283672,-1,0,393,27136,2137,10968,-57,4,44.31806,-68.92716,4,0.062,1
"2026-08-05 22:00:00",394,13.27,21.74,45,157,169,159,36594,1.3,0.75,28117,284392,-1,0,394,27136,2232,11064,-81,4,44.3181,-68.92718,4,0.062,1
"2026-08-05 23:00:00",395,13.24,21.5,45,169,169,160,36594,1.3,0.75,28117,285112,-1,0,395,27136,2340,11171,-57,4,44.31808,-68.92723,4,0.062,1
"2026-08-06 00:00:00",396,13.24,21.32,45,147,147,160,36594,1.3,0.75,28117,285832,-1,0,396,27136,0.072,11268,-59,4,44.31815,-68.92721,5,0.062,1
"2026-08-06 01:00:00",397,13.26,21.07,44,143,157,166,36594,1.3,0.75,28117,286552,-1,0,397,27136,93.9,11362,-59,4,44.31816,-68.92718,4,0.058,1
"2026-08-06 02:00:00",398,13.24,20.62,45,157,170,159,36594,1.3,0.75,28117,287272,-1,0,398,27136,190.8,11459,-53,4,44.31816,-68.92718,4,0.058,1
"2026-08-06 03:00:00",399,13.23,20.95,45,169.9,170,166,36594,1.3,0.75,28117,287992,-1,0,399,27136,295.6,11564,-53,4,"NAN","NAN",4,0.054,1
"2026-08-06 04:00:00",400,13.26,20.61,45,129,129,166,36594,1.3,0.75,28117,288712,-1,0,400,27136,393.3,11661,-61,4,44.31815,-68.92712,5,0.054,1
"2026-08-06 05:00:00",401,13.25,21.08,45,113,125,159,36594,1.3,0.75,28117,289432,-1,0,401,27136,497.7,11766,-55,4,44.31806,-68.92711,5,0.052,1
"2026-08-06 06:00:00",402,13.29,21.45,44,124.9,125,160,36594,1.3,0.75,28117,290152,-1,0,402,27136,589.4,11857,-53,4,44.31805,-68.92722,4,0.052,1
"2026-08-06 07:00:00",403,13.48,24.38,44,81.7,82,160,36594,1.3,0.75,28117,290872,-1,0,403,27136,687.8,11956,-53,4,44.31806,-68.92714,4,0.052,1
"2026-08-06 08:00:00",404,13.49,28.07,44,-130,-112,166,36594,1.3,0.75,28117,291592,-1,0,404,27136,786.1,12054,-53,4,"NAN","NAN",4,0.052,1
"2026-08-06 09:00:00",405,13.4,29.16,44,-111.8,54,166,36594,1.3,0.75,28117,292312,-1,0,405,27136,881,12149,-51,4,44.31804,-68.92722,4,0.075,1
"2026-08-06 10:00:00",406,13.5,30.54,44,53.81,54,159,36594,1.3,0.75,28117,293032,-1,0,406,27136,981,12249,-55,4,44.31805,-68.9272,5,0.087,1
"2026-08-06 11:00:00",407,13.46,34.51,42,-85.7,96,159,36594,1.3,0.75,28117,293752,-1,0,407,27136,1075,12343,-55,4,44.31811,-68.92719,6,0.088,1
"2026-08-06 12:00:00",408,13.44,33.32,40,96,96,159,36594,1.3,0.75,28117,294472,-1,0,408,27136,1165,12433,-53,4,44.31813,-68.9272,5,0.088,1
"2026-08-06 13:00:00",409,13.44,32.99,40,91,91,160,36594,1.3,0.75,28117,295192,-1,0,409,27136,1260,12528,-51,4,44.31816,-68.92725,4,0.088,1
"2026-08-06 14:00:00",410,13.45,30.74,42,83,83,160,36594,1.3,0.75,28117,295912,-1,0,410,27136,1356,12624,-55,4,44.31816,-68.92725,4,0.088,1
"2026-08-06 15:00:00",411,13.51,29.62,42,76.97,77,160,36594,1.3,0.75,28117,296632,-1,0,411,27136,1452,12720,-51,4,44.31817,-68.92713,4,0.077,1
"2026-08-06 16:00:00",412,13.52,30.12,42,57.02,74,159,36594,1.3,0.75,28117,297352,-1,0,412,27136,1547,12815,-51,4,44.31817,-68.92713,4,0.077,1
"2026-08-06 17:00:00",413,13.52,30.64,42,74.01,80,160,36594,1.3,0.75,28117,298072,-1,0,413,27136,1643,12911,-53,4,44.31809,-68.92712,5,0.077,1
"2026-08-06 18:00:00",414,13.5,30.39,43,80,82,160,36594,1.3,0.75,28117,298792,-1,0,414,27136,1732,13000,-55,4,44.3181,-68.92716,4,0.077,1
"2026-08-06 19:00:00",415,13.52,29.55,43,82,82,160,36594,1.3,0.75,28117,299512,-1,0,415,27136,1824,13092,-61,4,44.31812,-68.92716,5,0.077,1
"2026-08-06 20:00:00",416,13.41,25.54,44,67.13,162,160,36594,1.3,0.75,28117,300232,-1,0,416,27136,1914,13182,-63,4,44.31812,-68.92716,5,0.061,1
"2026-08-06 21:00:00",417,13.29,24.14,45,162,162,160,36594,1.3,0.75,28117,300952,-1,0,417,27136,2004,13272,-55,4,44.31806,-68.92714,4,0.061,1
"2026-08-06 22:00:00",418,13.23,24.15,45,129,129,160,36594,1.3,0.75,28117,301672,-1,0,418,27136,2099,13367,-57,4,44.31804,-68.92712,5,0.046,1
"2026-08-06 23:00:00",419,13.25,23.44,45,109.1,156,166,36594,1.3,0.75,28117,302392,-1,0,419,27136,2206,13474,-51,4,44.31806,-68.92721,4,0.046,1
"2026-08-07 00:00:00",420,13.25,23.27,45,156,191,160,36594,1.3,0.75,28117,303112,-1,0,420,27136,0,13569,-53,4,44.31814,-68.92719,5,0.046,1
"2026-08-07 01:00:00",421,13.24,23.16,45,190.9,191,166,36594,1.3,0.75,28117,303832,-1,0,421,27136,96,13665,-61,4,44.31812,-68.92724,4,0.047,1
"2026-08-07 02:00:00",422,13.26,23.19,45,148,159,160,36594,1.3,0.75,28117,304552,-1,0,422,27136,200.4,13769,-57,4,44.31816,-68.92725,4,0.06,1
"2026-08-07 03:00:00",423,13.26,22.82,45,159,159,167,36594,1.3,0.75,28117,305272,-1,0,423,27136,305.8,13875,-55,4,44.31817,-68.92715,4,0.06,1
"2026-08-07 04:00:00",424,13.26,22.73,45,147,182,160,36594,1.3,0.75,28117,305992,-1,0,424,27136,396.5,13966,-59,4,44.31816,-68.92715,5,0.06,1
"2026-08-07 05:00:00",425,13.26,22.6,45,181.9,182,166,36594,1.3,0.75,28117,306712,-1,0,425,27136,491.3,14060,-53,4,44.3181,-68.92712,4,0.06,1
"2026-08-07 06:00:00",426,13.31,23.18,45,118.9,119,160,36594,1.3,0.75,28117,307432,-1,0,426,27136,582.9,14152,-55,4,44.31806,-68.9272,5,0.054,1
"2026-08-07 07:00:00",427,13.3,23.71,45,37.05,73,166,36594,1.3,0.75,28117,308152,-1,0,427,27136,693.7,14263,-57,4,44.31802,-68.92718,4,0.054,1
"2026-08-07 08:00:00",428,13.46,27.86,44,72.84,73,159,36594,1.3,0.75,28117,308872,-1,0,428,27136,770.5,14340,-51,4,44.31804,-68.92718,6,0.054,1
"2026-08-07 09:00:00",429,13.5,31.27,44,-41.03,-41,159,36594,1.3,0.75,28117,309592,-1,0,429,27136,845,14414,-55,4,44.31804,-68.92722,5,0.063,1
"2026-08-07 10:00:00",430,13.47,32.86,44,-62.98,-50,159,36594,1.3,0.75,28117,310312,-1,0,430,27136,929,14498,-53,4,44.31804,-68.9272,5,0.076,1
"2026-08-07 11:00:00",431,13.42,35.31,43,-49.91,13,159,36594,1.3,0.75,28117,311032,-1,0,431,27136,1003,14572,-53,4,44.31804,-68.92716,4,0.079,1
"2026-08-07 12:00:00",432,13.4,37.15,43,13.07,60,159,36594,1.3,0.75,28117,311752,-1,0,432,27136,1081,14650,-53,4,"NAN","NAN",4,0.079,1
"2026-08-07 13:00:00",433,13.38,34.65,41,60.04,92,160,36594,1.3,0.75,28117,312472,-1,0,433,27136,1154,14723,-51,4,44.31816,-68.92715,5,0.079,1
"2026-08-07 14:00:00",434,13.43,32.33,42,92,92,160,36594,1.3,0.75,28117,313192,-1,0,434,27136,1228,14797,-51,4,44.31816,-68.92715,5,0.073,1
"2026-08-07 15:00:00",435,13.5,28.97,43,72.02,87,160,36594,1.3,0.75,28117,313912,-1,0,435,27136,1310,14879,-55,4,44.31816,-68.92715,5,0.073,1
"2026-08-07 16:00:00",436,13.49,32.52,42,87,87,159,36594,1.3,0.75,28117,314632,-1,0,436,27136,1396,14965,-53,4,44.31816,-68.92715,5,0.073,1
"2026-08-07 17:00:00",437,13.49,31.46,42,75.99,76,160,36594,1.3,0.75,28117,315352,-1,0,437,27136,1486,15055,-57,4,44.31816,-68.92715,5,0.073,1
"2026-08-07 18:00:00",438,13.49,30.72,43,71,71,160,36594,1.3,0.75,28117,316072,-1,0,438,27136,1573,15142,-51,4,44.31813,-68.92711,4,0.064,1
"2026-08-07 19:00:00",439,13.49,29.05,43,70.05,104,160,36594,1.3,0.75,28117,316792,-1,0,439,27136,1655,15224,-59,4,44.31812,-68.92722,4,0.056,1
"2026-08-07 20:00:00",440,13.4,25.84,45,104,133,159,36594,1.3,0.75,28117,317512,-1,0,440,27136,1744,15313,-59,4,44.31812,-68.92722,4,0.056,1
"2026-08-07 21:00:00",441,13.26,24.34,45,133,141,159,36594,1.3,0.75,28117,318232,-1,0,441,27136,1830,15399,-61,4,44.31812,-68.92722,4,0.056,1
"2026-08-07 22:00:00",442,13.25,24.03,45,141,141,160,36594,1.3,0.75,28117,318952,-1,0,442,27136,1922,15491,-51,4,44.31807,-68.92712,4,0.056,1
"2026-08-07 23:00:00",443,13.27,23.23,45,134,150,159,36594,1.3,0.75,28117,319672,-1,0,443,27136,2017,15586,-51,4,44.31804,-68.92719,6,0.042,1
"2026-08-08 00:00:00",444,13.27,22.85,45,150,164,167,36594,1.3,0.75,28117,320392,-1,0,444,27136,0.064,15682,-57,4,44.31813,-68.92718,6,0.042,1
"2026-08-08 01:00:00",445,13.26,22.83,45,164,164,159,36594,1.3,0.75,28117,321112,-1,0,445,27136,91.9,15773,-61,4,44.31808,-68.92723,4,0.037,1
"2026-08-08 02:00:00",446,13.24,22.8,45,140,157,160,36594,1.3,0.75,28117,321832,-1,0,446,27136,175.1,15857,-63,4,44.31811,-68.9272,5,0.037,1
"2026-08-08 03:00:00",447,13.26,23.12,45,157.1,197,160,36594,1.3,0.75,28117,322552,-1,0,447,27136,273.1,15955,-57,4,44.31813,-68.92719,8,0.033,1
"2026-08-08 04:00:00",448,13.26,22.91,46,196.9,197,160,36594,1.3,0.75,28117,323272,-1,0,448,27136,353.8,16035,-55,4,44.31817,-68.92717,5,0.033,1
"2026-08-08 05:00:00",449,13.26,23.08,45,159,159,160,36594,1.3,0.75,28117,323992,-1,0,449,27136,445.8,16127,-55,4,44.3181,-68.92715,4,0.024,1
"2026-08-08 06:00:00",450,13.26,23.28,45,151,151,159,36594,1.3,0.75,28117,324712,-1,0,450,27136,549.4,16231,-55,4,44.31818,-68.92715,4,0.024,1
"2026-08-08 07:00:00",451,13.29,23.73,45,142,142,160,36594,1.3,0.75,28117,325432,-1,0,451,27136,640.3,16322,-57,4,44.31807,-68.92715,4,0.019,1
"2026-08-08 08:00:00",452,13.25,23.24,45,106.1,164,160,36594,1.3,0.75,28117,326152,-1,0,452,27136,735.3,16417,-65,4,44.31806,-68.92718,5,0.019,1
"2026-08-08 09:00:00",453,13.27,23.27,45,163.9,164,159,36594,1.3,0.75,28117,326872,-1,0,453,27136,827,16508,-55,4,44.31804,-68.92718,5,0.019,1
"2026-08-08 10:00:00",454,13.27,23.54,45,71.04,103,160,36594,1.3,0.75,28117,327592,-1,0,454,27136,917,16599,-57,4,44.31799,-68.92721,5,0.019,1
"2026-08-08 11:00:00",455,13.44,24.27,45,102.7,103,160,36594,1.3,0.75,28117,328312,-1,0,455,27136,1011,16692,-51,4,44.31799,-68.92721,5,0.019,1
"2026-08-08 12:00:00",456,13.47,25.92,44,-85.9,14,159,36594,1.3,0.75,28117,329032,-1,0,456,27136,1103,16785,-59,4,44.31794,-68.92726,4,0.019,1
"2026-08-08 13:00:00",457,13.54,28.12,44,13.77,14,159,36594,1.3,0.75,28117,329752,-1,0,457,27136,1189,16871,-53,4,44.31802,-68.92723,4,0.028,1
"2026-08-08 14:00:00",458,13.55,30.68,43,-154.9,-115,166,36594,1.3,0.75,28117,330472,-1,0,458,27136,1272,16954,-57,4,44.31803,-68.92725,5,0.028,1
"2026-08-08 15:00:00",459,13.41,36.1,42,-114.7,113,166,36594,1.3,0.75,28117,331192,-1,0,459,27136,1351,17033,-53,4,44.31813,-68.92723,5,0.032,1
"2026-08-08 16:00:00",460,13.4,33.99,42,113,113,159,36594,1.3,0.75,28117,331912,-1,0,460,27136,1526,17207,-53,4,44.31815,-68.92721,4,0.032,1
"2026-08-08 17:00:00",461,13.43,32.05,43,81,85,159,36594,1.3,0.75,28117,332632,-1,0,461,27136,1617,17299,-53,4,44.31815,-68.92721,4,0.028,1
"2026-08-08 18:00:00",462,13.47,29.65,43,85,85,160,36594,1.3,0.75,28117,333352,-1,0,462,27136,1702,17384,-53,4,44.31815,-68.92715,5,0.028,1
"2026-08-08 19:00:00",463,13.44,25.84,45,50.17,173,169,36594,1.3,0.75,28117,334072,-1,0,463,27136,1794,17476,-55,4,44.31811,-68.92711,4,0.011,1
"2026-08-08 20:00:00",464,13.31,24.26,45,173,173,160,36594,1.3,0.75,28117,334792,-1,0,464,27136,1912,17594,-53,4,44.31811,-68.92711,4,0.011,1
"2026-08-08 21:00:00",465,13.27,23.67,45,140,140,160,36594,1.3,0.75,28117,335512,-1,0,465,27136,2013,17695,-57,4,44.31812,-68.92714,4,0.011,1
"2026-08-08 22:00:00",466,13.27,23.38,45,127.1,180,160,36594,1.3,0.75,28117,336232,-1,0,466,27136,2108,17790,-53,4,44.31807,-68.92725,5,0.011,1
"2026-08-08 23:00:00",467,13.27,22.9,45,179.9,180,166,36594,1.3,0.75,28117,336952,-1,0,467,27136,2205,17887,-57,4,44.31807,-68.92713,6,-0.003,1
"2026-08-09 00:00:00",468,13.27,22.14,45,119,144,167,36594,1.3,0.75,28117,337672,-1,0,468,27136,0,17977,-57,4,44.31807,-68.92713,6,-0.011,1
"2026-08-09 01:00:00",469,13.26,22.3,46,144,144,160,36594,1.3,0.75,28117,338392,-1,0,469,27136,91.9,18069,-53,4,44.31804,-68.92728,4,-0.012,1
"2026-08-09 02:00:00",470,13.26,22.27,45,124.1,165,159,36594,1.3,0.75,28117,339112,-1,0,470,27136,181.8,18159,-51,4,44.31802,-68.92725,9,-0.012,1
"2026-08-09 03:00:00",471,13.26,22.13,45,165,165,160,36594,1.3,0.75,28117,339832,-1,0,471,27136,269.6,18247,-53,4,44.31804,-68.92725,4,-0.012,1
"2026-08-09 04:00:00",472,13.26,21.86,46,141,164,159,36594,1.3,0.75,28117,340552,-1,0,472,27136,360.2,18337,-57,4,44.31814,-68.92721,5,-0.012,1
"2026-08-09 05:00:00",473,13.24,21.9,46,164,196,160,36594,1.3,0.75,28117,341272,-1,0,473,27136,456.5,18433,-55,4,44.31814,-68.92721,5,-0.019,1
"2026-08-09 06:00:00",474,13.24,21.68,45,196,196,166,36594,1.3,0.75,28117,341992,-1,0,474,27136,545.1,18522,-57,4,44.31816,-68.92711,4,-0.019,1
"2026-08-09 07:00:00",475,13.29,22.82,45,182.9,183,166,36594,1.3,0.75,28117,342712,-1,0,475,27136,629.2,18606,-55,4,44.31814,-68.92716,6,-0.019,1
"2026-08-09 08:00:00",476,13.41,25.64,44,79.99,80,160,36594,1.3,0.75,28117,343432,-1,0,476,27136,714.5,18691,-59,4,44.31809,-68.92719,4,-0.019,1
"2026-08-09 09:00:00",477,13.57,25.91,44,74.76,75,159,36594,1.3,0.75,28117,344152,-1,0,477,27136,804,18781,-59,4,44.31801,-68.9272,4,-0.007,1
"2026-08-09 10:00:00",478,13.54,29.16,43,-98,-98,159,36594,1.3,0.75,28117,344872,-1,0,478,27136,889,18866,-53,4,44.31803,-68.92715,5,-0.004,1
"2026-08-09 11:00:00",479,13.51,31.22,42,-110.8,54,166,36594,1.3,0.75,28117,345592,-1,0,479,27136,972,18949,-55,4,44.31803,-68.92715,5,0.003,1
"2026-08-09 12:00:00",480,13.49,31.91,41,54.04,81,160,36594,1.3,0.75,28117,346312,-1,0,480,27136,1058,19035,-61,4,44.31803,-68.92715,5,0.004,1
"2026-08-09 13:00:00",481,13.48,32.19,41,81,81,160,36594,1.3,0.75,28117,347032,-1,0,481,27136,1141,19118,-59,4,44.31807,-68.9271,5,0.008,1
"2026-08-09 14:00:00",482,13.49,30.07,43,78.98,79,166,36594,1.3,0.75,28117,347752,-1,0,482,27136,1227,19204,-53,4,44.3181,-68.92713,5,0.008,1
"2026-08-09 15:00:00",483,13.48,31.31,43,68.02,85,160,36594,1.3,0.75,28117,348472,-1,0,483,27136,1312,19288,-53,4,44.3181,-68.92713,5,0.008,1
"2026-08-09 16:00:00",484,13.49,30.56,43,85,93,160,36594,1.3,0.75,28117,349192,-1,0,484,27136,1405,19382,-51,4,44.31818,-68.92721,5,0.008,1
"2026-08-09 17:00:00",485,13.49,31.58,43,93,93,159,36594,1.3,0.75,28117,349912,-1,0,485,27136,1496,19473,-55,4,44.31816,-68.92717,4,0.008,1
"2026-08-09 18:00:00",486,13.49,31.22,44,72.01,81,160,36594,1.3,0.75,28117,350632,-1,0,486,27136,1581,19558,-53,4,44.31815,-68.92717,4,0.007,1
"2026-08-09 19:00:00",487,13.49,29.15,44,81,112,159,36594,1.3,0.75,28117,351352,-1,0,487,27136,1667,19644,-53,4,44.31815,-68.92717,4,0.007,1
"2026-08-09 20:00:00",488,13.33,27.5,45,112.1,152,159,36594,1.3,0.75,28117,352072,-1,0,488,27136,1751,19728,-53,4,44.31815,-68.92717,4,0.007,1
"2026-08-09 21:00:00",489,13.29,26.48,46,151.9,152,160,36594,1.3,0.75,28117,352792,-1,0,489,27136,1836,19813,-53,4,44.31815,-68.92717,4,-0.007,1
"2026-08-09 22:00:00",490,13.26,25.83,46,110,140,166,36594,1.3,0.75,28117,353512,-1,0,490,27136,1930,19907,-51,4,44.318,-68.92736,4,-0.007,1
"2026-08-09 23:00:00",491,13.26,24.92,46,140,140,160,36594,1.3,0.75,28117,354232,-1,0,491,27136,2026,20003,-53,4,44.31805,-68.92718,5,-0.007,1
"2026-08-10 00:00:00",492,13.27,24.43,46,125,131,160,36594,1.3,0.75,28117,354952,-1,0,492,27136,0.013,20091,-55,4,44.318,-68.92718,4,0,1
"2026-08-10 01:00:00",493,13.24,24.08,46,131,131,159,36594,1.3,0.75,28117,355672,-1,0,493,27136,94.3,20185,-53,4,44.31817,-68.92706,4,0.003,1
"2026-08-10 02:00:00",494,13.26,24.61,46,117,120,166,36594,1.3,0.75,28117,356392,-1,0,494,27136,191.5,20282,-53,4,44.31799,-68.92715,5,0.007,1
"2026-08-10 03:00:00",495,13.24,23.54,46,120,144,159,36594,1.3,0.75,28117,357112,-1,0,495,27136,284.9,20376,-55,4,44.31799,-68.92708,4,0.01,1
"2026-08-10 04:00:00",496,13.26,23.01,46,144,144,159,36594,1.3,0.75,28117,357832,-1,0,496,27136,369.9,20461,-57,4,44.31809,-68.92717,4,0.012,1
"2026-08-10 05:00:00",497,13.26,23.14,46,135.1,179,159,36594,1.3,0.75,28117,358552,-1,0,497,27136,459.1,20550,-53,4,44.31813,-68.9272,4,0.016,1
"2026-08-10 06:00:00",498,13.26,23.62,46,178.9,179,159,36594,1.3,0.75,28117,359272,-1,0,498,27136,540.8,20631,-53,4,44.31818,-68.92719,4,0.017,1
"2026-08-10 07:00:00",499,13.33,24.7,46,116.9,117,160,36594,1.3,0.75,28117,359992,-1,0,499,27136,636.3,20727,-57,4,44.31815,-68.92716,5,0.017,1
"2026-08-10 08:00:00",500,13.36,26.23,45,77.93,78,160,36594,1.3,0.75,28117,360712,-1,0,500,27136,726.9,20818,-85,4,44.31815,-68.92716,5,0.019,1
"2026-08-10 09:00:00",501,13.44,27.23,45,30.96,31,160,36594,1.3,0.75,28117,361432,-1,0,501,27136,814,20904,-55,4,44.31808,-68.92712,4,0.019,1
"2026-08-10 10:00:00",502,13.51,30.24,44,2.807,3,166,36594,1.3,0.75,28117,362152,-1,0,502,27136,903,20994,-57,4,44.3181,-68.92715,4,0.028,1
"2026-08-10 11:00:00",503,13.49,33.17,42,-135.8,1,159,36594,1.3,0.75,28117,362872,-1,0,503,27136,998,21089,-63,4,"NAN","NAN",4,0.028,1
"2026-08-10 12:00:00",504,13.42,35.66,43,1.125,91,160,36594,1.3,0.75,28117,363592,-1,0,504,27136,1093,21184,-55,4,44.31806,-68.92719,5,0.043,1
"2026-08-10 13:00:00",505,13.4,36.33,44,90.9,91,160,36594,1.3,0.75,28117,364312,-1,0,505,27136,1178,21269,-51,4,44.31803,-68.92716,5,0.043,1
"2026-08-10 14:00:00",506,13.36,36.09,42,49.05,85,159,36594,1.3,0.75,28117,365032,-1,0,506,27136,1273,21363,-53,4,44.31804,-68.92711,4,0.043,1
"2026-08-10 15:00:00",507,13.41,33.34,42,85,85,159,36594,1.3,0.75,28117,365752,-1,0,507,27136,1365,21456,-55,4,44.3181,-68.92712,4,0.043,1
"2026-08-10 16:00:00",508,13.42,33.35,43,61.98,62,167,36594,1.3,0.75,28117,366472,-1,0,508,27136,1456,21547,-51,4,44.3181,-68.92713,4,0.04,1
"2026-08-10 17:00:00",509,13.43,32.04,43,46.06,89,160,36594,1.3,0.75,28117,367192,-1,0,509,27136,1546,21636,-51,4,44.31813,-68.92725,4,0.04,1
"2026-08-10 18:00:00",510,13.46,30.9,44,89,89,166,36594,1.3,0.75,28117,367912,-1,0,510,27136,1636,21727,-53,4,44.31814,-68.92713,5,0.031,1
"2026-08-10 19:00:00",511,13.44,27.26,45,83.1,173,160,36594,1.3,0.75,28117,368632,-1,0,511,27136,1735,21826,-53,4,44.31814,-68.92713,5,0.031,1
"2026-08-10 20:00:00",512,13.29,24.88,46,173,173,159,36594,1.3,0.75,28117,369352,-1,0,512,27136,1831,21921,-55,4,44.31814,-68.92713,5,-0.002,1
"2026-08-10 21:00:00",513,13.28,24.08,46,153.1,189,160,36594,1.3,0.75,28117,370072,-1,0,513,27136,1930,22021,-53,4,44.31826,-68.92709,4,-0.002,1
"2026-08-10 22:00:00",514,13.25,23.58,46,189,189,160,36594,1.3,0.75,28117,370792,-1,0,514,27136,2029,22120,-51,4,44.31812,-68.92713,4,-0.01,1
"2026-08-10 23:00:00",515,13.27,23.37,46,162,162,167,36594,1.3,0.75,28117,371512,-1,0,515,27136,2133,22224,-53,4,44.31812,-68.92712,4,-0.01,1
"2026-08-11 00:00:00",516,13.26,22.96,46,156,156,159,36594,1.3,0.75,28117,372232,-1,0,516,27136,0.012,22317,-51,4,44.31812,-68.92712,4,-0.016,1
"2026-08-11 01:00:00",517,13.26,22.32,46,139,144,159,36594,1.3,0.75,28117,372952,-1,0,517,27136,97.2,22415,-53,4,"NAN","NAN",4,-0.016,1
"2026-08-11 02:00:00",518,13.24,22.55,46,144.1,204,159,36594,1.3,0.75,28117,373672,-1,0,518,27136,188.2,22506,-55,4,44.31803,-68.92723,4,-0.019,1
"2026-08-11 03:00:00",519,13.26,21.84,46,203.9,204,159,36594,1.3,0.75,28117,374392,-1,0,519,27136,276.2,22594,-57,4,44.31805,-68.92722,4,-0.019,1
"2026-08-11 04:00:00",520,13.26,21.92,46,156,180,159,36594,1.3,0.75,28117,375112,-1,0,520,27136,360.1,22678,-53,4,"NAN","NAN",4,-0.022,1
"2026-08-11 05:00:00",521,13.23,21.45,46,180,180,167,36594,1.3,0.75,28117,375832,-1,0,521,27136,452.4,22770,-53,4,44.3182,-68.92712,4,-0.047,1
"2026-08-11 06:00:00",522,13.3,21.57,46,171.9,172,160,36594,1.3,0.75,28117,376552,-1,0,522,27136,548.1,22866,-61,4,44.31819,-68.92715,4,-0.047,1
"2026-08-11 07:00:00",523,13.49,24.09,45,100.8,101,159,36594,1.3,0.75,28117,377272,-1,0,523,27136,641.3,22959,-51,4,44.31817,-68.92714,5,-0.047,1
"2026-08-11 08:00:00",524,13.46,26.29,43,-63.84,52,160,36594,1.3,0.75,28117,377992,-1,0,524,27136,741.9,23059,-55,4,44.31811,-68.92716,4,-0.047,1
"2026-08-11 09:00:00",525,13.56,28.71,43,51.86,52,160,36594,1.3,0.75,28117,378712,-1,0,525,27136,847,23164,-59,4,44.31819,-68.92715,4,-0.044,1
"2026-08-11 10:00:00",526,13.5,29.19,44,-49.83,73,160,36594,1.3,0.75,28117,379432,-1,0,526,27136,942,23260,-51,4,"NAN","NAN",4,-0.044,1
"2026-08-11 11:00:00",527,13.49,30.9,43,72.97,73,160,36594,1.3,0.75,28117,380152,-1,0,527,27136,1034,23352,-55,4,44.31805,-68.92712,4,-0.033,1
"2026-08-11 12:00:00",528,13.47,31.71,43,48.01,54,160,36594,1.3,0.75,28117,380872,-1,0,528,27136,1128,23446,-57,4,44.31808,-68.92713,4,-0.033,1
"2026-08-11 13:00:00",529,13.49,31.99,44,54.01,61,160,36594,1.3,0.75,28117,381592,-1,0,529,27136,1216,23534,-53,4,44.31802,-68.92717,4,-0.033,1
"2026-08-11 14:00:00",530,13.47,33.92,42,61,61,160,36594,1.3,0.75,28117,382312,-1,0,530,27136,1313,23630,-61,4,44.31799,-68.92722,4,-0.033,1
"2026-08-11 15:00:00",531,13.43,33.97,42,59.99,60,160,36594,1.3,0.75,28117,383032,-1,0,531,27136,1403,23720,-59,4,44.31797,-68.92715,4,-0.049,1
"2026-08-11 16:00:00",532,13.43,33.06,43,54,54,165,36594,1.3,0.75,28117,383752,-1,0,532,27136,1495,23813,-53,4,44.31806,-68.92712,5,-0.049,1
"2026-08-11 17:00:00",533,13.44,32.49,43,52.02,68,160,36594,1.3,0.75,28117,384472,-1,0,533,27136,1596,23913,-51,4,44.31807,-68.92699,4,-0.049,1
"2026-08-11 18:00:00",534,13.44,32.14,43,67.98,68,160,36594,1.3,0.75,28117,385192,-1,0,534,27136,1691,24009,-61,4,44.31806,-68.92708,4,-0.049,1
"2026-08-11 19:00:00",535,13.45,30,44,55.04,87,159,36594,1.3,0.75,28117,385912,-1,0,535,27136,1792,24110,-51,4,44.31806,-68.92708,4,-0.049,1
"2026-08-11 20:00:00",536,13.4,26.93,46,87.1,141,167,36594,1.3,0.75,28117,386632,-1,0,536,27136,1885,24202,-51,4,44.31816,-68.92715,4,-0.049,1
"2026-08-11 21:00:00",537,13.29,25.8,46,141,147,166,36594,1.3,0.75,28117,387352,-1,0,537,27136,1999,24316,-51,4,44.31816,-68.92715,4,-0.06,1
"2026-08-11 22:00:00",538,13.25,24.87,46,147,147,159,36594,1.3,0.75,28117,388072,-1,0,538,27136,2152,24470,-57,4,44.31811,-68.92712,4,-0.06,1
"2026-08-11 23:00:00",539,13.25,24.68,46,117,138,166,36594,1.3,0.75,28117,388792,-1,0,539,27136,2269,24587,-61,4,44.31806,-68.92715,5,-0.06,1
"2026-08-12 00:00:00",540,13.26,23.7,46,138,138,160,36594,1.3,0.75,28117,389512,-1,0,540,27136,0.043,24687,-51,4,44.31806,-68.92716,4,-0.059,1
"2026-08-12 01:00:00",541,13.26,23.48,46,131,131,160,36594,1.3,0.75,28117,390232,-1,0,541,27136,103.3,24790,-53,4,44.31807,-68.92719,4,-0.059,1
"2026-08-12 02:00:00",542,13.26,23,46,113,133,160,36594,1.3,0.75,28117,390952,-1,0,542,27136,209.8,24896,-53,4,44.31818,-68.92717,4,-0.059,1
"2026-08-12 03:00:00",543,13.26,22.94,46,133,134,160,36594,1.3,0.75,28117,391672,-1,0,543,27136,309.4,24996,-53,4,44.31804,-68.92716,4,-0.056,1
"2026-08-12 04:00:00",544,13.26,22.67,46,134,134,167,36594,1.3,0.75,28117,392392,-1,0,544,27136,411,25098,-57,4,44.31798,-68.92719,4,-0.056,1
"2026-08-12 05:00:00",545,13.26,22.48,46,126,126,166,36594,1.3,0.75,28117,393112,-1,0,545,27136,514.2,25201,-63,4,44.31807,-68.92722,4,-0.06,1
"2026-08-12 06:00:00",546,13.33,22.93,46,113.9,114,160,36594,1.3,0.75,28117,393832,-1,0,546,27136,609.8,25296,-55,4,44.31801,-68.92711,4,-0.059,1
"2026-08-12 07:00:00",547,13.43,26.71,45,57.88,58,160,36594,1.3,0.75,28117,394552,-1,0,547,27136,706.2,25393,-53,4,44.31815,-68.92719,4,-0.053,1
"2026-08-12 08:00:00",548,13.44,27.88,45,-29.97,-8,160,36594,1.3,0.75,28117,395272,-1,0,548,27136,799.8,25486,-53,4,44.31815,-68.92719,4,-0.053,1
"2026-08-12 09:00:00",549,13.48,29.56,44,-7.99,-1,166,36594,1.3,0.75,28117,395992,-1,0,549,27136,897,25583,-59,4,44.3182,-68.92702,4,-0.028,1
"2026-08-12 10:00:00",550,13.55,29.74,45,-0.831,121,159,36594,1.3,0.75,28117,396712,-1,0,550,27136,990,25676,-57,4,44.31816,-68.92721,4,-0.028,1
"2026-08-12 11:00:00",551,13.49,31.76,45,120.9,121,160,36594,1.3,0.75,28117,397432,-1,0,551,27136,1080,25767,-51,4,44.31807,-68.92715,4,-0.026,1
"2026-08-12 12:00:00",552,13.46,34.18,44,31.04,59,159,36594,1.3,0.75,28117,398152,-1,0,552,27136,1173,25859,-53,4,44.31802,-68.92722,4,-0.026,1
"2026-08-12 13:00:00",553,13.44,34.06,43,59.02,76,160,36594,1.3,0.75,28117,398872,-1,0,553,27136,1272,25959,-59,4,44.31808,-68.92716,4,-0.026,1
"2026-08-12 14:00:00",554,13.46,32.49,43,76.07,127,160,36594,1.3,0.75,28117,399592,-1,0,554,27136,1357,26044,-51,4,44.31805,-68.92715,6,-0.026,1
"2026-08-12 15:00:00",555,13.45,31.69,43,127,127,166,36594,1.3,0.75,28117,400312,-1,0,555,27136,1440,26127,-51,4,44.31803,-68.92715,4,-0.028,1
"2026-08-12 16:00:00",556,13.45,31.49,43,92,92,160,36594,1.3,0.75,28117,401032,-1,0,556,27136,1534,26221,-51,4,44.31812,-68.92711,4,-0.028,1
"2026-08-12 17:00:00",557,13.48,32.35,43,75.02,90,160,36594,1.3,0.75,28117,401752,-1,0,557,27136,1636,26322,-59,4,44.31808,-68.92712,4,-0.029,1
"2026-08-12 18:00:00",558,13.49,30.14,44,90,90,160,36594,1.3,0.75,28117,402472,-1,0,558,27136,1732,26419,-57,4,44.31812,-68.92713,5,-0.029,1
"2026-08-12 19:00:00",559,13.49,28.26,44,71.07,122,166,36594,1.3,0.75,28117,403192,-1,0,559,27136,1832,26518,-51,4,44.31812,-68.92713,5,-0.036,1
"2026-08-12 20:00:00",560,13.33,25.42,46,122.1,185,160,36594,1.3,0.75,28117,403912,-1,0,560,27136,1938,26625,-53,4,44.31815,-68.92716,4,-0.036,1
"2026-08-12 21:00:00",561,13.25,25.34,46,184.9,185,167,36594,1.3,0.75,28117,404632,-1,0,561,27136,2047,26733,-61,4,44.31815,-68.92716,4,-0.043,1
"2026-08-12 22:00:00",562,13.27,24.15,46,139,139,160,36594,1.3,0.75,28117,405352,-1,0,562,27136,2171,26857,-55,4,44.31818,-68.92712,4,-0.043,1
"2026-08-12 23:00:00",563,13.25,23.53,46,128,143,159,36594,1.3,0.75,28117,406072,-1,0,563,27136,2281,26968,-51,4,44.31804,-68.9271,4,-0.047,1
"2026-08-13 00:00:00",564,13.23,22.81,46,143,143,160,36594,1.3,0.75,28117,406792,-1,0,564,27136,0.076,27081,-53,4,44.31806,-68.92718,5,-0.047,1
"2026-08-13 01:00:00",565,13.24,22.54,46,141,141,167,36594,1.3,0.75,28117,407512,-1,0,565,27136,108.8,27190,-53,4,44.31804,-68.92717,4,-0.05,1
"2026-08-13 02:00:00",566,13.26,22.18,46,123,123,159,36594,1.3,0.75,28117,408232,-1,0,566,27136,219.4,27300,-53,4,44.31804,-68.92717,4,-0.05,1
"2026-08-13 03:00:00",567,13.26,21.54,46,117,117,160,36594,1.3,0.75,28117,408952,-1,0,567,27136,324.8,27406,-55,4,44.31801,-68.92722,4,-0.05,1
"2026-08-13 04:00:00",568,13.26,20.99,46,115.1,153,159,36594,1.3,0.75,28117,409672,-1,0,568,27136,427.7,27510,-53,4,44.31803,-68.92722,4,-0.05,1
"2026-08-13 05:00:00",569,13.25,20.88,46,153,153,159,36594,1.3,0.75,28117,410392,-1,0,569,27136,535.7,27618,-57,4,44.318,-68.92718,5,-0.048,1
"2026-08-13 06:00:00",570,13.24,20.77,46,129,129,167,36594,1.3,0.75,28117,411112,-1,0,570,27136,639.1,27723,-51,4,44.31806,-68.9272,5,-0.047,1
"2026-08-13 07:00:00",571,13.28,21.38,46,115,115,159,36594,1.3,0.75,28117,411832,-1,0,571,27136,804,27888,-53,4,44.31812,-68.92717,4,-0.045,1
"2026-08-13 08:00:00",572,13.28,21.61,45,110,110,159,36594,1.3,0.75,28117,412552,-1,0,572,27136,991,28076,-51,4,44.31812,-68.92724,5,-0.044,1
"2026-08-13 09:00:00",573,13.32,21.65,46,88,88,159,36594,1.3,0.75,28117,413272,-1,0,573,27136,1096,28181,-51,4,44.31812,-68.92724,5,-0.038,1
"2026-08-13 10:00:00",574,13.43,23.46,45,82,82,159,36594,1.3,0.75,28117,413992,-1,0,574,27136,1228,28314,-53,4,44.31815,-68.92722,4,-0.037,1
"2026-08-13 11:00:00",575,13.51,26.29,44,62.8,63,166,36594,1.3,0.75,28117,414712,-1,0,575,27136,1329,28416,-51,4,44.3181,-68.9272,6,-0.035,1
"2026-08-13 12:00:00",576,13.52,30.28,42,-82,-78,160,36594,1.3,0.75,28117,415432,-1,0,576,27136,1434,28521,-57,4,44.3181,-68.9272,6,-0.028,1
"2026-08-13 13:00:00",577,13.56,32.35,42,-77.67,163,159,36594,1.3,0.75,28117,416152,-1,0,577,27136,1531,28619,-53,4,44.31802,-68.92717,4,-0.028,1
"2026-08-13 14:00:00",578,13.46,31.12,42,162.9,163,159,36594,1.3,0.75,28117,416872,-1,0,578,27136,1630,28718,-51,4,44.31804,-68.92716,4,-0.028,1
"2026-08-13 15:00:00",579,13.49,30.19,43,60.98,61,159,36594,1.3,0.75,28117,417592,-1,0,579,27136,1726,28815,-55,4,"NAN","NAN",4,-0.026,1
"2026-08-13 16:00:00",580,13.55,27.16,43,49.01,58,167,36594,1.3,0.75,28117,418312,-1,0,580,27136,1831,28921,-51,4,44.31802,-68.92718,6,-0.026,1
"2026-08-13 17:00:00",581,13.47,24.37,45,58.07,106,160,36594,1.3,0.75,28117,419032,-1,0,581,27136,1932,29022,-55,4,"NAN","NAN",4,-0.032,1
"2026-08-13 18:00:00",582,13.53,27.16,45,106,106,160,36594,1.3,0.75,28117,419752,-1,0,582,27136,2036,29127,-51,4,"NAN","NAN",4,-0.032,1
"2026-08-13 19:00:00",583,13.54,27.47,45,72.98,73,159,36594,1.3,0.75,28117,420472,-1,0,583,27136,2151,29242,-51,4,"NAN","NAN",4,-0.026,1
"2026-08-13 20:00:00",584,13.39,24.1,46,57.19,192,159,36594,1.3,0.75,28117,421192,-1,0,584,27136,2257,29349,-55,4,"NAN","NAN",4,-0.027,1
"2026-08-13 21:00:00",585,13.29,22.72,46,192,192,160,36594,1.3,0.75,28117,421912,-1,0,585,27136,2362,29455,-51,4,44.31813,-68.92715,4,-0.027,1
"2026-08-13 22:00:00",586,13.25,22.14,46,170,170,160,36594,1.3,0.75,28117,422632,-1,0,586,27136,2473,29567,-53,4,44.3182,-68.92716,4,-0.021,1
"2026-08-13 23:00:00",587,13.26,21.56,46,170,170,159,36594,1.3,0.75,28117,423352,-1,0,587,27136,2574,29668,-57,4,44.31813,-68.92722,4,-0.021,1
"2026-08-14 00:00:00",588,13.27,21.26,46,134,159,160,36594,1.3,0.75,28117,424072,-1,0,588,27136,0.076,29773,-55,4,44.31807,-68.92714,4,-0.027,1
"2026-08-14 01:00:00",589,13.23,21.57,46,158.9,159,160,36594,1.3,0.75,28117,424792,-1,0,589,27136,102.6,29876,-61,4,44.31805,-68.92715,4,-0.027,1
"2026-08-14 02:00:00",590,13.26,21.24,47,107,113,160,36594,1.3,0.75,28117,425512,-1,0,590,27136,201.8,29976,-53,4,"NAN","NAN",4,-0.021,1
"2026-08-14 03:00:00",591,13.26,20.96,46,113,124,159,36594,1.3,0.75,28117,426232,-1,0,591,27136,304.5,30079,-55,4,"NAN","NAN",4,-0.021,1
"2026-08-14 04:00:00",592,13.26,20.66,47,124,124,167,36594,1.3,0.75,28117,426952,-1,0,592,27136,412,30187,-55,4,"NAN","NAN",4,-0.019,1
"2026-08-14 05:00:00",593,13.26,20.21,46,112,112,160,36594,1.3,0.75,28117,427672,-1,0,593,27136,514,30290,-53,4,44.31807,-68.92712,4,-0.017,1
"2026-08-14 06:00:00",594,13.28,19.89,46,110,139,159,36594,1.3,0.75,28117,428392,-1,0,594,27136,613.3,30390,-53,4,44.31807,-68.92712,4,-0.008,1
"2026-08-14 07:00:00",595,13.52,21.96,46,138.7,139,167,36594,1.3,0.75,28117,429112,-1,0,595,27136,710.7,30488,-89,4,44.31792,-68.92725,4,-0.008,1
"2026-08-14 08:00:00",596,13.56,23.65,44,-106.9,-19,167,36594,1.3,0.75,28117,429832,-1,0,596,27136,813,30591,-53,4,44.31799,-68.92707,4,0.003,1
"2026-08-14 09:00:00",597,13.78,24.69,44,-19.1,-19,167,36594,1.3,0.75,28117,430552,-1,0,597,27136,912,30691,-55,4,44.318,-68.92707,4,0.021,1
"2026-08-14 10:00:00",598,13.58,25.49,44,-90.8,50,160,36594,1.3,0.75,28117,431272,-1,0,598,27136,1015,30794,-55,4,44.31805,-68.9272,4,0.033,1
"2026-08-14 11:00:00",599,13.59,25.39,44,50.02,65,159,36594,1.3,0.75,28117,431992,-1,0,599,27136,1106,30886,-55,4,44.31805,-68.9272,4,0.033,1
"2026-08-14 12:00:00",600,13.6,25.36,44,65,66,159,36594,1.3,0.75,28117,432712,-1,0,600,27136,1198,30979,-53,4,44.31805,-68.9272,4,0.033,1
"2026-08-14 13:00:00",601,13.6,25.73,44,65.99,66,159,36594,1.3,0.75,28117,433432,-1,0,601,27136,1288,31068,-53,4,44.31803,-68.92719,4,0.033,1
"2026-08-14 14:00:00",602,13.6,27.21,43,56.99,57,159,36594,1.3,0.75,28117,434152,-1,0,602,27136,1380,31161,-55,4,44.31803,-68.92719,4,0.023,1
"2026-08-14 15:00:00",603,13.57,28.03,43,50,53,159,36594,1.3,0.75,28117,434872,-1,0,603,27136,1471,31253,-51,4,44.31803,-68.92719,4,0.023,1
"2026-08-14 16:00:00",604,13.57,28.91,42,52.97,53,160,36594,1.3,0.75,28117,435592,-1,0,604,27136,1568,31351,-51,4,44.318,-68.9272,4,0.023,1
"2026-08-14 17:00:00",605,13.54,28.56,42,33.01,37,160,36594,1.3,0.75,28117,436312,-1,0,605,27136,1667,31450,-55,4,44.318,-68.9272,4,0.036,1
"2026-08-14 18:00:00",606,13.54,28.65,42,37.03,61,167,36594,1.3,0.75,28117,437032,-1,0,606,27136,1765,31549,-55,4,44.31799,-68.92713,4,0.036,1
"2026-08-14 19:00:00",607,13.54,27.72,43,60.98,61,159,36594,1.3,0.75,28117,437752,-1,0,607,27136,1867,31651,-59,4,44.31799,-68.92713,4,0.04,1
"2026-08-14 20:00:00",608,13.38,23.44,46,45.13,139,159,36594,1.3,0.75,28117,438472,-1,0,608,27136,1970,31755,-53,4,44.31805,-68.92712,4,0.04,1
"2026-08-14 21:00:00",609,13.28,21.86,46,139,139,159,36594,1.3,0.75,28117,439192,-1,0,609,27136,2082,31868,-51,4,44.31816,-68.92712,4,0.04,1
"2026-08-14 22:00:00",610,13.25,21.59,46,134,134,160,36594,1.3,0.75,28117,439912,-1,0,610,27136,2187,31974,-51,4,44.31812,-68.92722,4,0.04,1
"2026-08-14 23:00:00",611,13.26,21,46,111,116,159,36594,1.3,0.75,28117,440632,-1,0,611,27136,2287,32074,-55,4,44.31814,-68.92714,4,0.043,1
"2026-08-15 00:00:00",612,13.26,20.6,46,116,122,160,36594,1.3,0.75,28117,441352,-1,0,612,27136,0.012,32172,-53,4,44.31814,-68.92714,4,0.043,1
"2026-08-15 01:00:00",613,13.24,20.43,46,122,122,167,36594,1.3,0.75,28117,442072,-1,0,613,27136,101.3,32274,-53,4,44.31804,-68.92718,5,0.044,1
"2026-08-15 02:00:00",614,13.23,19.79,46,120,129,160,36594,1.3,0.75,28117,442792,-1,0,614,27136,208.1,32381,-57,4,44.31802,-68.92712,4,0.048,1
"2026-08-15 03:00:00",615,13.26,19.21,46,129,129,160,36594,1.3,0.75,28117,443512,-1,0,615,27136,315.1,32489,-55,4,44.31802,-68.92712,4,0.057,1
"2026-08-15 04:00:00",616,13.23,18.92,46,129,129,159,36594,1.3,0.75,28117,444232,-1,0,616,27136,414.6,32589,-55,4,44.31803,-68.92713,4,0.057,1
"2026-08-15 05:00:00",617,13.25,18.69,46,99.1,153,160,36594,1.3,0.75,28117,444952,-1,0,617,27136,505.4,32680,-59,4,44.31799,-68.92716,4,0.057,1
"2026-08-15 06:00:00",618,13.27,18.9,46,152.9,153,160,36594,1.3,0.75,28117,445672,-1,0,618,27136,605.6,32781,-55,4,44.31802,-68.92715,4,0.057,1
"2026-08-15 07:00:00",619,13.49,21.03,45,53.81,54,166,36594,1.3,0.75,28117,446392,-1,0,619,27136,699.1,32875,-53,4,44.31797,-68.92728,4,0.057,1
"2026-08-15 08:00:00",620,13.46,22.54,45,-79.9,-11,166,36594,1.3,0.75,28117,447112,-1,0,620,27136,786.9,32964,-59,4,44.31802,-68.92685,4,0.07,1
"2026-08-15 09:00:00",621,13.49,24.57,45,-11.02,-11,167,36594,1.3,0.75,28117,447832,-1,0,621,27136,882,33060,-57,4,44.31802,-68.92685,4,0.08,1
"2026-08-15 10:00:00",622,13.56,26.75,44,-21.85,89,160,36594,1.3,0.75,28117,448552,-1,0,622,27136,973,33151,-53,4,44.31819,-68.9272,4,0.093,1
"2026-08-15 11:00:00",623,13.53,27.3,43,89,92,166,36594,1.3,0.75,28117,449272,-1,0,623,27136,1065,33244,-57,4,44.31819,-68.9272,4,0.094,1
"2026-08-15 12:00:00",624,13.51,30.81,43,92,92,160,36594,1.3,0.75,28117,449992,-1,0,624,27136,1156,33335,-55,4,44.31816,-68.92721,4,0.094,1
"2026-08-15 13:00:00",625,13.52,31.15,43,89,89,159,36594,1.3,0.75,28117,450712,-1,0,625,27136,1245,33424,-53,4,44.31812,-68.92715,4,0.094,1
"2026-08-15 14:00:00",626,13.51,28.5,43,70.99,71,159,36594,1.3,0.75,28117,451432,-1,0,626,27136,1330,33510,-51,4,44.31809,-68.92715,5,0.094,1
"2026-08-15 15:00:00",627,13.56,27.86,43,67.03,89,159,36594,1.3,0.75,28117,452152,-1,0,627,27136,1420,33601,-53,4,44.31799,-68.92758,4,0.087,1
"2026-08-15 16:00:00",628,13.57,26.95,44,89,89,160,36594,1.3,0.75,28117,452872,-1,0,628,27136,1507,33688,-51,4,44.31804,-68.92721,4,0.087,1
"2026-08-15 17:00:00",629,13.57,27.99,44,66.03,90,165,36594,1.3,0.75,28117,453592,-1,0,629,27136,1594,33775,-59,4,44.31801,-68.92713,4,0.087,1
"2026-08-15 18:00:00",630,13.55,28.52,44,90,90,159,36594,1.3,0.75,28117,454312,-1,0,630,27136,1688,33870,-61,4,44.31803,-68.92716,4,0.087,1
"2026-08-15 19:00:00",631,13.55,27.12,44,90,90,165,36594,1.3,0.75,28117,455032,-1,0,631,27136,1779,33961,-51,4,44.31802,-68.92711,4,0.087,1
"2026-08-15 20:00:00",632,13.36,21.67,46,62.12,147,159,36594,1.3,0.75,28117,455752,-1,0,632,27136,1866,34049,-59,4,44.31805,-68.92712,4,0.087,1
"2026-08-15 21:00:00",633,13.28,20.28,46,147,156,159,36594,1.3,0.75,28117,456472,-1,0,633,27136,1954,34137,-51,4,44.31805,-68.92712,4,0.076,1
"2026-08-15 22:00:00",634,13.24,19.55,46,156,156,159,36594,1.3,0.75,28117,457192,-1,0,634,27136,2048,34232,-51,4,44.31816,-68.92715,4,0.076,1
"2026-08-15 23:00:00",635,13.26,19.5,47,149,151,159,36594,1.3,0.75,28117,457912,-1,0,635,27136,2138,34323,-53,4,44.31812,-68.92722,4,0.076,1
"2026-08-16 00:00:00",636,13.26,20.09,47,150.9,151,159,36594,1.3,0.75,28117,458632,-1,0,636,27136,0.012,34417,-57,4,44.31815,-68.92715,5,0.076,1
"2026-08-16 01:00:00",637,13.23,19.98,47,114,114,159,36594,1.3,0.75,28117,459352,-1,0,637,27136,95.3,34513,-57,4,44.31814,-68.92711,5,0.079,1
"2026-08-16 02:00:00",638,13.26,19.74,46,111,124,166,36594,1.3,0.75,28117,460072,-1,0,638,27136,187.5,34606,-53,4,44.31805,-68.92717,4,0.079,1
"2026-08-16 03:00:00",639,13.23,19.46,47,124,124,166,36594,1.3,0.75,28117,460792,-1,0,639,27136,287.3,34706,-51,4,44.318,-68.92716,5,0.082,1
"2026-08-16 04:00:00",640,13.25,19.16,47,121,145,160,36594,1.3,0.75,28117,461512,-1,0,640,27136,379.1,34798,-55,4,44.31804,-68.92724,4,0.086,1
"2026-08-16 05:00:00",641,13.25,18.84,47,145,145,160,36594,1.3,0.75,28117,462232,-1,0,641,27136,480.4,34900,-55,4,44.31804,-68.92724,4,0.086,1
"2026-08-16 06:00:00",642,13.24,18.86,46,113,113,160,36594,1.3,0.75,28117,462952,-1,0,642,27136,579.7,35000,-55,4,44.31802,-68.92719,4,0.086,1
"2026-08-16 07:00:00",643,13.38,19.95,46,100.9,101,159,36594,1.3,0.75,28117,463672,-1,0,643,27136,679.9,35101,-55,4,44.318,-68.92725,4,0.086,1
"2026-08-16 08:00:00",644,13.48,22,45,61.83,62,160,36594,1.3,0.75,28117,464392,-1,0,644,27136,767.1,35188,-53,4,44.318,-68.92727,4,0.09,1
